construct_id	T0_1	T0_2	Tend_1	Tend_2
0Safe_safe_ACOC_204550.4522__0Safe_safe_ACOC_204550.4522	21	16	35	42
0Safe_safe_ACOC_204550.4522__0Safe_safe_ACOC_204550.4525	56	72	106	97
0Safe_safe_ACOC_204550.4522__0Safe_safe_ACOC_204550.4590	77	54	123	165
0Safe_safe_ACOC_204550.4522__0Safe_safe_GE_204550.1561	35	28	56	66
0Safe_safe_ACOC_204550.4522__0Safe_safe_GE_204550.1743	29	33	55	75
0Safe_safe_ACOC_204550.4522__0Safe_safe_GE_204550.1816	21	15	29	33
0Safe_safe_ACOC_204550.4522__0Safe_safe_MP_204550.1197	19	21	43	41
0Safe_safe_ACOC_204550.4522__0Safe_safe_MP_204550.1296	9	13	21	30
0Safe_safe_ACOC_204550.4522__0Safe_safe_MP_204550.1323	56	71	107	121
0Safe_safe_ACOC_204550.4522__0Safe_safe_U3_204550.6027	11	19	21	32
0Safe_safe_ACOC_204550.4522__CDK2_1	69	71	91	99
0Safe_safe_ACOC_204550.4522__CDK2_2	63	54	70	98
0Safe_safe_ACOC_204550.4522__CDK2_3	52	54	72	97
0Safe_safe_ACOC_204550.4522__CDK2_4	83	107	141	152
0Safe_safe_ACOC_204550.4522__CTNNB1_1	33	30	53	80
0Safe_safe_ACOC_204550.4522__CTNNB1_2	31	32	66	90
0Safe_safe_ACOC_204550.4522__CTNNB1_3	41	37	72	83
0Safe_safe_ACOC_204550.4522__CTNNB1_4	48	56	117	136
0Safe_safe_ACOC_204550.4522__ETF1_1	41	39	20	24
0Safe_safe_ACOC_204550.4522__ETF1_2	56	55	37	56
0Safe_safe_ACOC_204550.4522__ETF1_3	13	14	28	28
0Safe_safe_ACOC_204550.4522__ETF1_4	42	43	83	84
0Safe_safe_ACOC_204550.4522__EZH2_1	38	40	62	75
0Safe_safe_ACOC_204550.4522__EZH2_2	53	68	106	119
0Safe_safe_ACOC_204550.4522__EZH2_3	71	79	135	166
0Safe_safe_ACOC_204550.4522__EZH2_4	40	38	60	114
0Safe_safe_ACOC_204550.4522__HSP90B1_1	51	67	107	101
0Safe_safe_ACOC_204550.4522__HSP90B1_2	55	80	85	94
0Safe_safe_ACOC_204550.4522__HSP90B1_3	39	30	51	71
0Safe_safe_ACOC_204550.4522__HSP90B1_4	13	22	30	39
0Safe_safe_ACOC_204550.4522__IGF1R_1	61	48	86	81
0Safe_safe_ACOC_204550.4522__IGF1R_2	55	45	74	88
0Safe_safe_ACOC_204550.4522__IGF1R_3	178	165	238	270
0Safe_safe_ACOC_204550.4522__IGF1R_4	23	22	29	41
0Safe_safe_ACOC_204550.4522__MAPK13_1	169	147	255	313
0Safe_safe_ACOC_204550.4522__MAPK13_2	43	51	68	66
0Safe_safe_ACOC_204550.4522__MAPK13_3	92	74	160	192
0Safe_safe_ACOC_204550.4522__MAPK13_4	30	40	65	81
0Safe_safe_ACOC_204550.4522__TRIB2_1	34	36	84	109
0Safe_safe_ACOC_204550.4522__TRIB2_2	40	44	61	70
0Safe_safe_ACOC_204550.4522__TRIB2_3	86	84	170	198
0Safe_safe_ACOC_204550.4522__TRIB2_4	42	52	83	110
0Safe_safe_ACOC_204550.4522__ULK1_1	32	27	42	78
0Safe_safe_ACOC_204550.4522__ULK1_2	47	34	60	65
0Safe_safe_ACOC_204550.4522__ULK1_3	30	33	44	53
0Safe_safe_ACOC_204550.4522__ULK1_4	70	67	105	138
0Safe_safe_ACOC_204550.4522__WNT5A_1	80	67	107	142
0Safe_safe_ACOC_204550.4522__WNT5A_2	73	86	132	165
0Safe_safe_ACOC_204550.4522__WNT5A_3	48	52	68	82
0Safe_safe_ACOC_204550.4522__WNT5A_4	66	48	107	140
0Safe_safe_ACOC_204550.4525__0Safe_safe_ACOC_204550.4522	39	50	87	115
0Safe_safe_ACOC_204550.4525__0Safe_safe_ACOC_204550.4525	149	142	244	238
0Safe_safe_ACOC_204550.4525__0Safe_safe_ACOC_204550.4590	178	172	316	349
0Safe_safe_ACOC_204550.4525__0Safe_safe_GE_204550.1561	74	84	114	154
0Safe_safe_ACOC_204550.4525__0Safe_safe_GE_204550.1743	68	75	102	149
0Safe_safe_ACOC_204550.4525__0Safe_safe_GE_204550.1816	41	40	77	101
0Safe_safe_ACOC_204550.4525__0Safe_safe_MP_204550.1197	63	57	104	116
0Safe_safe_ACOC_204550.4525__0Safe_safe_MP_204550.1296	48	36	74	92
0Safe_safe_ACOC_204550.4525__0Safe_safe_MP_204550.1323	164	157	302	351
0Safe_safe_ACOC_204550.4525__0Safe_safe_U3_204550.6027	35	37	62	81
0Safe_safe_ACOC_204550.4525__CDK2_1	172	191	184	231
0Safe_safe_ACOC_204550.4525__CDK2_2	133	124	151	192
0Safe_safe_ACOC_204550.4525__CDK2_3	131	121	206	254
0Safe_safe_ACOC_204550.4525__CDK2_4	242	247	323	389
0Safe_safe_ACOC_204550.4525__CTNNB1_1	77	69	149	129
0Safe_safe_ACOC_204550.4525__CTNNB1_2	74	76	137	184
0Safe_safe_ACOC_204550.4525__CTNNB1_3	85	77	180	172
0Safe_safe_ACOC_204550.4525__CTNNB1_4	122	136	227	255
0Safe_safe_ACOC_204550.4525__ETF1_1	97	83	64	72
0Safe_safe_ACOC_204550.4525__ETF1_2	152	120	127	141
0Safe_safe_ACOC_204550.4525__ETF1_3	33	25	73	58
0Safe_safe_ACOC_204550.4525__ETF1_4	102	82	196	216
0Safe_safe_ACOC_204550.4525__EZH2_1	90	94	136	157
0Safe_safe_ACOC_204550.4525__EZH2_2	131	138	242	251
0Safe_safe_ACOC_204550.4525__EZH2_3	147	146	270	283
0Safe_safe_ACOC_204550.4525__EZH2_4	93	87	191	211
0Safe_safe_ACOC_204550.4525__HSP90B1_1	153	153	213	283
0Safe_safe_ACOC_204550.4525__HSP90B1_2	165	184	229	258
0Safe_safe_ACOC_204550.4525__HSP90B1_3	72	85	137	190
0Safe_safe_ACOC_204550.4525__HSP90B1_4	50	39	69	97
0Safe_safe_ACOC_204550.4525__IGF1R_1	115	105	150	160
0Safe_safe_ACOC_204550.4525__IGF1R_2	150	142	207	301
0Safe_safe_ACOC_204550.4525__IGF1R_3	325	383	418	498
0Safe_safe_ACOC_204550.4525__IGF1R_4	56	58	58	64
0Safe_safe_ACOC_204550.4525__MAPK13_1	367	374	587	708
0Safe_safe_ACOC_204550.4525__MAPK13_2	131	137	217	253
0Safe_safe_ACOC_204550.4525__MAPK13_3	182	209	364	420
0Safe_safe_ACOC_204550.4525__MAPK13_4	94	107	136	180
0Safe_safe_ACOC_204550.4525__TRIB2_1	116	121	231	271
0Safe_safe_ACOC_204550.4525__TRIB2_2	99	88	176	141
0Safe_safe_ACOC_204550.4525__TRIB2_3	191	204	334	415
0Safe_safe_ACOC_204550.4525__TRIB2_4	143	123	180	282
0Safe_safe_ACOC_204550.4525__ULK1_1	60	58	96	109
0Safe_safe_ACOC_204550.4525__ULK1_2	75	98	135	198
0Safe_safe_ACOC_204550.4525__ULK1_3	80	80	160	151
0Safe_safe_ACOC_204550.4525__ULK1_4	138	157	247	298
0Safe_safe_ACOC_204550.4525__WNT5A_1	194	180	255	311
0Safe_safe_ACOC_204550.4525__WNT5A_2	190	191	351	384
0Safe_safe_ACOC_204550.4525__WNT5A_3	137	135	213	258
0Safe_safe_ACOC_204550.4525__WNT5A_4	153	148	218	291
0Safe_safe_ACOC_204550.4590__0Safe_safe_ACOC_204550.4522	85	74	118	117
0Safe_safe_ACOC_204550.4590__0Safe_safe_ACOC_204550.4525	177	207	279	359
0Safe_safe_ACOC_204550.4590__0Safe_safe_ACOC_204550.4590	290	282	387	521
0Safe_safe_ACOC_204550.4590__0Safe_safe_GE_204550.1561	136	127	211	237
0Safe_safe_ACOC_204550.4590__0Safe_safe_GE_204550.1743	103	109	187	182
0Safe_safe_ACOC_204550.4590__0Safe_safe_GE_204550.1816	55	62	95	102
0Safe_safe_ACOC_204550.4590__0Safe_safe_MP_204550.1197	91	74	135	138
0Safe_safe_ACOC_204550.4590__0Safe_safe_MP_204550.1296	51	43	100	84
0Safe_safe_ACOC_204550.4590__0Safe_safe_MP_204550.1323	208	200	337	417
0Safe_safe_ACOC_204550.4590__0Safe_safe_U3_204550.6027	38	35	65	60
0Safe_safe_ACOC_204550.4590__CDK2_1	232	230	201	254
0Safe_safe_ACOC_204550.4590__CDK2_2	174	175	195	253
0Safe_safe_ACOC_204550.4590__CDK2_3	189	181	242	271
0Safe_safe_ACOC_204550.4590__CDK2_4	347	328	397	493
0Safe_safe_ACOC_204550.4590__CTNNB1_1	120	157	206	249
0Safe_safe_ACOC_204550.4590__CTNNB1_2	110	102	158	213
0Safe_safe_ACOC_204550.4590__CTNNB1_3	127	107	188	248
0Safe_safe_ACOC_204550.4590__CTNNB1_4	185	201	347	386
0Safe_safe_ACOC_204550.4590__ETF1_1	132	129	73	88
0Safe_safe_ACOC_204550.4590__ETF1_2	207	197	155	175
0Safe_safe_ACOC_204550.4590__ETF1_3	66	43	91	103
0Safe_safe_ACOC_204550.4590__ETF1_4	121	126	227	255
0Safe_safe_ACOC_204550.4590__EZH2_1	134	163	190	193
0Safe_safe_ACOC_204550.4590__EZH2_2	183	180	276	298
0Safe_safe_ACOC_204550.4590__EZH2_3	250	227	300	402
0Safe_safe_ACOC_204550.4590__EZH2_4	129	142	217	268
0Safe_safe_ACOC_204550.4590__HSP90B1_1	210	228	271	309
0Safe_safe_ACOC_204550.4590__HSP90B1_2	264	262	295	381
0Safe_safe_ACOC_204550.4590__HSP90B1_3	106	137	149	229
0Safe_safe_ACOC_204550.4590__HSP90B1_4	56	57	95	94
0Safe_safe_ACOC_204550.4590__IGF1R_1	165	168	195	224
0Safe_safe_ACOC_204550.4590__IGF1R_2	171	198	264	299
0Safe_safe_ACOC_204550.4590__IGF1R_3	537	569	595	692
0Safe_safe_ACOC_204550.4590__IGF1R_4	93	76	98	108
0Safe_safe_ACOC_204550.4590__MAPK13_1	536	588	783	966
0Safe_safe_ACOC_204550.4590__MAPK13_2	194	194	233	294
0Safe_safe_ACOC_204550.4590__MAPK13_3	283	269	452	539
0Safe_safe_ACOC_204550.4590__MAPK13_4	150	124	188	202
0Safe_safe_ACOC_204550.4590__TRIB2_1	182	139	232	281
0Safe_safe_ACOC_204550.4590__TRIB2_2	141	125	195	254
0Safe_safe_ACOC_204550.4590__TRIB2_3	258	245	423	514
0Safe_safe_ACOC_204550.4590__TRIB2_4	159	171	295	320
0Safe_safe_ACOC_204550.4590__ULK1_1	82	101	106	145
0Safe_safe_ACOC_204550.4590__ULK1_2	183	148	187	266
0Safe_safe_ACOC_204550.4590__ULK1_3	128	117	128	189
0Safe_safe_ACOC_204550.4590__ULK1_4	234	226	322	411
0Safe_safe_ACOC_204550.4590__WNT5A_1	263	249	326	434
0Safe_safe_ACOC_204550.4590__WNT5A_2	240	250	399	481
0Safe_safe_ACOC_204550.4590__WNT5A_3	164	171	243	296
0Safe_safe_ACOC_204550.4590__WNT5A_4	211	203	297	402
0Safe_safe_GE_204550.1561__0Safe_safe_ACOC_204550.4522	48	53	75	94
0Safe_safe_GE_204550.1561__0Safe_safe_ACOC_204550.4525	133	126	193	229
0Safe_safe_GE_204550.1561__0Safe_safe_ACOC_204550.4590	213	184	336	374
0Safe_safe_GE_204550.1561__0Safe_safe_GE_204550.1561	81	74	116	128
0Safe_safe_GE_204550.1561__0Safe_safe_GE_204550.1743	85	99	172	172
0Safe_safe_GE_204550.1561__0Safe_safe_GE_204550.1816	41	43	71	86
0Safe_safe_GE_204550.1561__0Safe_safe_MP_204550.1197	55	62	96	110
0Safe_safe_GE_204550.1561__0Safe_safe_MP_204550.1296	43	41	62	70
0Safe_safe_GE_204550.1561__0Safe_safe_MP_204550.1323	141	138	275	343
0Safe_safe_GE_204550.1561__0Safe_safe_U3_204550.6027	44	31	55	84
0Safe_safe_GE_204550.1561__CDK2_1	180	178	194	225
0Safe_safe_GE_204550.1561__CDK2_2	109	117	148	149
0Safe_safe_GE_204550.1561__CDK2_3	127	99	167	180
0Safe_safe_GE_204550.1561__CDK2_4	231	233	332	352
0Safe_safe_GE_204550.1561__CTNNB1_1	74	70	154	157
0Safe_safe_GE_204550.1561__CTNNB1_2	80	77	112	173
0Safe_safe_GE_204550.1561__CTNNB1_3	97	86	159	215
0Safe_safe_GE_204550.1561__CTNNB1_4	140	118	230	317
0Safe_safe_GE_204550.1561__ETF1_1	85	95	49	66
0Safe_safe_GE_204550.1561__ETF1_2	100	160	83	115
0Safe_safe_GE_204550.1561__ETF1_3	50	44	52	85
0Safe_safe_GE_204550.1561__ETF1_4	78	82	156	213
0Safe_safe_GE_204550.1561__EZH2_1	90	103	138	151
0Safe_safe_GE_204550.1561__EZH2_2	122	110	221	232
0Safe_safe_GE_204550.1561__EZH2_3	148	149	223	275
0Safe_safe_GE_204550.1561__EZH2_4	75	98	139	185
0Safe_safe_GE_204550.1561__HSP90B1_1	177	170	201	253
0Safe_safe_GE_204550.1561__HSP90B1_2	154	144	193	215
0Safe_safe_GE_204550.1561__HSP90B1_3	75	72	108	128
0Safe_safe_GE_204550.1561__HSP90B1_4	40	41	60	96
0Safe_safe_GE_204550.1561__IGF1R_1	125	126	155	214
0Safe_safe_GE_204550.1561__IGF1R_2	113	139	202	275
0Safe_safe_GE_204550.1561__IGF1R_3	326	328	379	533
0Safe_safe_GE_204550.1561__IGF1R_4	46	42	56	64
0Safe_safe_GE_204550.1561__MAPK13_1	363	379	581	685
0Safe_safe_GE_204550.1561__MAPK13_2	117	110	163	168
0Safe_safe_GE_204550.1561__MAPK13_3	189	199	388	426
0Safe_safe_GE_204550.1561__MAPK13_4	86	91	132	190
0Safe_safe_GE_204550.1561__TRIB2_1	100	111	181	215
0Safe_safe_GE_204550.1561__TRIB2_2	82	68	124	140
0Safe_safe_GE_204550.1561__TRIB2_3	166	173	307	397
0Safe_safe_GE_204550.1561__TRIB2_4	106	113	196	244
0Safe_safe_GE_204550.1561__ULK1_1	68	70	107	105
0Safe_safe_GE_204550.1561__ULK1_2	105	108	144	191
0Safe_safe_GE_204550.1561__ULK1_3	65	71	89	114
0Safe_safe_GE_204550.1561__ULK1_4	157	142	269	269
0Safe_safe_GE_204550.1561__WNT5A_1	169	185	247	299
0Safe_safe_GE_204550.1561__WNT5A_2	153	158	265	324
0Safe_safe_GE_204550.1561__WNT5A_3	111	100	144	246
0Safe_safe_GE_204550.1561__WNT5A_4	127	120	181	273
0Safe_safe_GE_204550.1743__0Safe_safe_ACOC_204550.4522	27	21	44	58
0Safe_safe_GE_204550.1743__0Safe_safe_ACOC_204550.4525	50	63	91	107
0Safe_safe_GE_204550.1743__0Safe_safe_ACOC_204550.4590	91	81	148	184
0Safe_safe_GE_204550.1743__0Safe_safe_GE_204550.1561	32	37	57	82
0Safe_safe_GE_204550.1743__0Safe_safe_GE_204550.1743	39	28	73	88
0Safe_safe_GE_204550.1743__0Safe_safe_GE_204550.1816	23	26	39	68
0Safe_safe_GE_204550.1743__0Safe_safe_MP_204550.1197	35	26	63	69
0Safe_safe_GE_204550.1743__0Safe_safe_MP_204550.1296	21	17	21	33
0Safe_safe_GE_204550.1743__0Safe_safe_MP_204550.1323	49	56	134	121
0Safe_safe_GE_204550.1743__0Safe_safe_U3_204550.6027	11	14	18	31
0Safe_safe_GE_204550.1743__CDK2_1	75	83	84	92
0Safe_safe_GE_204550.1743__CDK2_2	57	63	82	78
0Safe_safe_GE_204550.1743__CDK2_3	65	51	66	95
0Safe_safe_GE_204550.1743__CDK2_4	107	104	151	202
0Safe_safe_GE_204550.1743__CTNNB1_1	23	39	86	70
0Safe_safe_GE_204550.1743__CTNNB1_2	28	43	61	74
0Safe_safe_GE_204550.1743__CTNNB1_3	48	43	68	77
0Safe_safe_GE_204550.1743__CTNNB1_4	52	57	123	131
0Safe_safe_GE_204550.1743__ETF1_1	60	40	31	32
0Safe_safe_GE_204550.1743__ETF1_2	55	67	45	55
0Safe_safe_GE_204550.1743__ETF1_3	22	15	33	35
0Safe_safe_GE_204550.1743__ETF1_4	49	46	70	112
0Safe_safe_GE_204550.1743__EZH2_1	44	43	78	91
0Safe_safe_GE_204550.1743__EZH2_2	64	58	138	138
0Safe_safe_GE_204550.1743__EZH2_3	67	70	116	145
0Safe_safe_GE_204550.1743__EZH2_4	37	50	90	105
0Safe_safe_GE_204550.1743__HSP90B1_1	50	61	124	110
0Safe_safe_GE_204550.1743__HSP90B1_2	82	74	76	112
0Safe_safe_GE_204550.1743__HSP90B1_3	48	50	60	71
0Safe_safe_GE_204550.1743__HSP90B1_4	20	24	37	35
0Safe_safe_GE_204550.1743__IGF1R_1	58	78	109	89
0Safe_safe_GE_204550.1743__IGF1R_2	55	56	81	114
0Safe_safe_GE_204550.1743__IGF1R_3	176	169	210	202
0Safe_safe_GE_204550.1743__IGF1R_4	30	20	25	50
0Safe_safe_GE_204550.1743__MAPK13_1	183	182	293	353
0Safe_safe_GE_204550.1743__MAPK13_2	56	63	104	126
0Safe_safe_GE_204550.1743__MAPK13_3	88	99	160	208
0Safe_safe_GE_204550.1743__MAPK13_4	44	48	87	101
0Safe_safe_GE_204550.1743__TRIB2_1	48	41	89	109
0Safe_safe_GE_204550.1743__TRIB2_2	42	41	72	61
0Safe_safe_GE_204550.1743__TRIB2_3	112	94	165	248
0Safe_safe_GE_204550.1743__TRIB2_4	58	42	105	103
0Safe_safe_GE_204550.1743__ULK1_1	27	35	40	63
0Safe_safe_GE_204550.1743__ULK1_2	45	59	83	72
0Safe_safe_GE_204550.1743__ULK1_3	44	31	36	53
0Safe_safe_GE_204550.1743__ULK1_4	80	86	142	163
0Safe_safe_GE_204550.1743__WNT5A_1	83	84	138	163
0Safe_safe_GE_204550.1743__WNT5A_2	93	82	144	139
0Safe_safe_GE_204550.1743__WNT5A_3	55	48	118	97
0Safe_safe_GE_204550.1743__WNT5A_4	52	62	116	136
0Safe_safe_GE_204550.1816__0Safe_safe_ACOC_204550.4522	27	35	45	47
0Safe_safe_GE_204550.1816__0Safe_safe_ACOC_204550.4525	92	106	131	178
0Safe_safe_GE_204550.1816__0Safe_safe_ACOC_204550.4590	130	122	195	261
0Safe_safe_GE_204550.1816__0Safe_safe_GE_204550.1561	47	55	88	95
0Safe_safe_GE_204550.1816__0Safe_safe_GE_204550.1743	48	40	121	123
0Safe_safe_GE_204550.1816__0Safe_safe_GE_204550.1816	21	32	71	67
0Safe_safe_GE_204550.1816__0Safe_safe_MP_204550.1197	42	39	57	86
0Safe_safe_GE_204550.1816__0Safe_safe_MP_204550.1296	31	21	51	79
0Safe_safe_GE_204550.1816__0Safe_safe_MP_204550.1323	119	108	190	226
0Safe_safe_GE_204550.1816__0Safe_safe_U3_204550.6027	21	19	31	46
0Safe_safe_GE_204550.1816__CDK2_1	122	104	124	139
0Safe_safe_GE_204550.1816__CDK2_2	89	100	142	123
0Safe_safe_GE_204550.1816__CDK2_3	82	94	119	158
0Safe_safe_GE_204550.1816__CDK2_4	155	151	243	261
0Safe_safe_GE_204550.1816__CTNNB1_1	50	56	99	107
0Safe_safe_GE_204550.1816__CTNNB1_2	38	41	97	107
0Safe_safe_GE_204550.1816__CTNNB1_3	46	50	108	148
0Safe_safe_GE_204550.1816__CTNNB1_4	95	82	152	195
0Safe_safe_GE_204550.1816__ETF1_1	63	67	37	52
0Safe_safe_GE_204550.1816__ETF1_2	71	83	60	92
0Safe_safe_GE_204550.1816__ETF1_3	29	26	31	40
0Safe_safe_GE_204550.1816__ETF1_4	52	57	103	134
0Safe_safe_GE_204550.1816__EZH2_1	38	54	99	122
0Safe_safe_GE_204550.1816__EZH2_2	82	95	137	165
0Safe_safe_GE_204550.1816__EZH2_3	96	107	160	206
0Safe_safe_GE_204550.1816__EZH2_4	61	62	122	141
0Safe_safe_GE_204550.1816__HSP90B1_1	98	92	133	176
0Safe_safe_GE_204550.1816__HSP90B1_2	89	113	133	154
0Safe_safe_GE_204550.1816__HSP90B1_3	43	50	86	103
0Safe_safe_GE_204550.1816__HSP90B1_4	33	33	58	71
0Safe_safe_GE_204550.1816__IGF1R_1	79	86	85	120
0Safe_safe_GE_204550.1816__IGF1R_2	97	73	154	197
0Safe_safe_GE_204550.1816__IGF1R_3	242	230	298	349
0Safe_safe_GE_204550.1816__IGF1R_4	42	35	46	63
0Safe_safe_GE_204550.1816__MAPK13_1	237	244	401	513
0Safe_safe_GE_204550.1816__MAPK13_2	73	71	118	128
0Safe_safe_GE_204550.1816__MAPK13_3	131	139	269	343
0Safe_safe_GE_204550.1816__MAPK13_4	68	84	139	148
0Safe_safe_GE_204550.1816__TRIB2_1	76	76	150	209
0Safe_safe_GE_204550.1816__TRIB2_2	59	63	98	111
0Safe_safe_GE_204550.1816__TRIB2_3	141	129	232	303
0Safe_safe_GE_204550.1816__TRIB2_4	71	73	135	151
0Safe_safe_GE_204550.1816__ULK1_1	40	43	67	70
0Safe_safe_GE_204550.1816__ULK1_2	103	85	113	130
0Safe_safe_GE_204550.1816__ULK1_3	55	56	84	115
0Safe_safe_GE_204550.1816__ULK1_4	108	122	193	169
0Safe_safe_GE_204550.1816__WNT5A_1	131	120	164	186
0Safe_safe_GE_204550.1816__WNT5A_2	117	91	210	221
0Safe_safe_GE_204550.1816__WNT5A_3	75	82	104	141
0Safe_safe_GE_204550.1816__WNT5A_4	93	75	155	209
0Safe_safe_MP_204550.1197__0Safe_safe_ACOC_204550.4522	16	21	19	43
0Safe_safe_MP_204550.1197__0Safe_safe_ACOC_204550.4525	36	46	62	99
0Safe_safe_MP_204550.1197__0Safe_safe_ACOC_204550.4590	75	60	117	133
0Safe_safe_MP_204550.1197__0Safe_safe_GE_204550.1561	35	28	60	62
0Safe_safe_MP_204550.1197__0Safe_safe_GE_204550.1743	29	30	44	49
0Safe_safe_MP_204550.1197__0Safe_safe_GE_204550.1816	17	14	30	46
0Safe_safe_MP_204550.1197__0Safe_safe_MP_204550.1197	15	17	41	36
0Safe_safe_MP_204550.1197__0Safe_safe_MP_204550.1296	13	7	30	36
0Safe_safe_MP_204550.1197__0Safe_safe_MP_204550.1323	70	73	136	165
0Safe_safe_MP_204550.1197__0Safe_safe_U3_204550.6027	16	11	20	26
0Safe_safe_MP_204550.1197__CDK2_1	58	63	67	86
0Safe_safe_MP_204550.1197__CDK2_2	52	45	86	81
0Safe_safe_MP_204550.1197__CDK2_3	60	60	82	79
0Safe_safe_MP_204550.1197__CDK2_4	93	84	114	144
0Safe_safe_MP_204550.1197__CTNNB1_1	35	30	45	64
0Safe_safe_MP_204550.1197__CTNNB1_2	34	26	50	63
0Safe_safe_MP_204550.1197__CTNNB1_3	29	28	52	61
0Safe_safe_MP_204550.1197__CTNNB1_4	66	54	78	110
0Safe_safe_MP_204550.1197__ETF1_1	39	47	32	45
0Safe_safe_MP_204550.1197__ETF1_2	53	52	38	54
0Safe_safe_MP_204550.1197__ETF1_3	14	16	33	38
0Safe_safe_MP_204550.1197__ETF1_4	38	27	62	66
0Safe_safe_MP_204550.1197__EZH2_1	34	28	58	60
0Safe_safe_MP_204550.1197__EZH2_2	54	60	88	111
0Safe_safe_MP_204550.1197__EZH2_3	74	71	118	131
0Safe_safe_MP_204550.1197__EZH2_4	36	37	60	86
0Safe_safe_MP_204550.1197__HSP90B1_1	59	72	78	102
0Safe_safe_MP_204550.1197__HSP90B1_2	73	69	79	96
0Safe_safe_MP_204550.1197__HSP90B1_3	35	35	41	56
0Safe_safe_MP_204550.1197__HSP90B1_4	20	18	27	38
0Safe_safe_MP_204550.1197__IGF1R_1	58	49	53	80
0Safe_safe_MP_204550.1197__IGF1R_2	49	42	79	89
0Safe_safe_MP_204550.1197__IGF1R_3	131	123	161	230
0Safe_safe_MP_204550.1197__IGF1R_4	27	18	25	27
0Safe_safe_MP_204550.1197__MAPK13_1	175	142	232	290
0Safe_safe_MP_204550.1197__MAPK13_2	61	43	80	86
0Safe_safe_MP_204550.1197__MAPK13_3	84	84	141	154
0Safe_safe_MP_204550.1197__MAPK13_4	33	36	58	64
0Safe_safe_MP_204550.1197__TRIB2_1	44	45	73	86
0Safe_safe_MP_204550.1197__TRIB2_2	53	36	72	69
0Safe_safe_MP_204550.1197__TRIB2_3	80	79	115	169
0Safe_safe_MP_204550.1197__TRIB2_4	52	49	77	97
0Safe_safe_MP_204550.1197__ULK1_1	28	29	45	40
0Safe_safe_MP_204550.1197__ULK1_2	38	45	47	60
0Safe_safe_MP_204550.1197__ULK1_3	25	28	41	45
0Safe_safe_MP_204550.1197__ULK1_4	52	77	97	146
0Safe_safe_MP_204550.1197__WNT5A_1	66	68	100	123
0Safe_safe_MP_204550.1197__WNT5A_2	55	75	96	129
0Safe_safe_MP_204550.1197__WNT5A_3	42	56	83	70
0Safe_safe_MP_204550.1197__WNT5A_4	43	50	92	117
0Safe_safe_MP_204550.1296__0Safe_safe_ACOC_204550.4522	32	37	85	67
0Safe_safe_MP_204550.1296__0Safe_safe_ACOC_204550.4525	79	90	120	147
0Safe_safe_MP_204550.1296__0Safe_safe_ACOC_204550.4590	114	118	189	232
0Safe_safe_MP_204550.1296__0Safe_safe_GE_204550.1561	36	50	91	96
0Safe_safe_MP_204550.1296__0Safe_safe_GE_204550.1743	60	37	72	99
0Safe_safe_MP_204550.1296__0Safe_safe_GE_204550.1816	21	20	30	38
0Safe_safe_MP_204550.1296__0Safe_safe_MP_204550.1197	33	42	76	70
0Safe_safe_MP_204550.1296__0Safe_safe_MP_204550.1296	25	30	54	54
0Safe_safe_MP_204550.1296__0Safe_safe_MP_204550.1323	102	106	172	211
0Safe_safe_MP_204550.1296__0Safe_safe_U3_204550.6027	21	28	38	44
0Safe_safe_MP_204550.1296__CDK2_1	121	115	115	146
0Safe_safe_MP_204550.1296__CDK2_2	76	84	94	112
0Safe_safe_MP_204550.1296__CDK2_3	80	85	106	105
0Safe_safe_MP_204550.1296__CDK2_4	161	166	234	228
0Safe_safe_MP_204550.1296__CTNNB1_1	50	54	137	124
0Safe_safe_MP_204550.1296__CTNNB1_2	42	51	86	101
0Safe_safe_MP_204550.1296__CTNNB1_3	54	70	125	139
0Safe_safe_MP_204550.1296__CTNNB1_4	70	99	153	173
0Safe_safe_MP_204550.1296__ETF1_1	62	56	55	44
0Safe_safe_MP_204550.1296__ETF1_2	86	84	68	82
0Safe_safe_MP_204550.1296__ETF1_3	26	26	44	46
0Safe_safe_MP_204550.1296__ETF1_4	68	63	105	135
0Safe_safe_MP_204550.1296__EZH2_1	59	56	95	110
0Safe_safe_MP_204550.1296__EZH2_2	68	65	145	136
0Safe_safe_MP_204550.1296__EZH2_3	89	76	170	208
0Safe_safe_MP_204550.1296__EZH2_4	82	81	123	168
0Safe_safe_MP_204550.1296__HSP90B1_1	99	82	132	142
0Safe_safe_MP_204550.1296__HSP90B1_2	102	118	152	181
0Safe_safe_MP_204550.1296__HSP90B1_3	58	64	95	132
0Safe_safe_MP_204550.1296__HSP90B1_4	23	34	50	61
0Safe_safe_MP_204550.1296__IGF1R_1	71	79	106	117
0Safe_safe_MP_204550.1296__IGF1R_2	80	83	136	148
0Safe_safe_MP_204550.1296__IGF1R_3	197	245	295	344
0Safe_safe_MP_204550.1296__IGF1R_4	29	42	44	57
0Safe_safe_MP_204550.1296__MAPK13_1	266	275	412	501
0Safe_safe_MP_204550.1296__MAPK13_2	76	67	139	156
0Safe_safe_MP_204550.1296__MAPK13_3	131	123	197	273
0Safe_safe_MP_204550.1296__MAPK13_4	67	55	105	122
0Safe_safe_MP_204550.1296__TRIB2_1	84	64	135	155
0Safe_safe_MP_204550.1296__TRIB2_2	56	51	97	119
0Safe_safe_MP_204550.1296__TRIB2_3	120	114	247	251
0Safe_safe_MP_204550.1296__TRIB2_4	96	78	134	177
0Safe_safe_MP_204550.1296__ULK1_1	39	35	78	73
0Safe_safe_MP_204550.1296__ULK1_2	83	68	99	139
0Safe_safe_MP_204550.1296__ULK1_3	40	43	65	78
0Safe_safe_MP_204550.1296__ULK1_4	121	93	149	187
0Safe_safe_MP_204550.1296__WNT5A_1	117	121	158	200
0Safe_safe_MP_204550.1296__WNT5A_2	129	126	186	239
0Safe_safe_MP_204550.1296__WNT5A_3	80	69	126	170
0Safe_safe_MP_204550.1296__WNT5A_4	88	116	160	232
0Safe_safe_MP_204550.1323__0Safe_safe_ACOC_204550.4522	22	35	53	64
0Safe_safe_MP_204550.1323__0Safe_safe_ACOC_204550.4525	100	88	129	142
0Safe_safe_MP_204550.1323__0Safe_safe_ACOC_204550.4590	115	110	162	192
0Safe_safe_MP_204550.1323__0Safe_safe_GE_204550.1561	56	55	92	84
0Safe_safe_MP_204550.1323__0Safe_safe_GE_204550.1743	38	44	75	72
0Safe_safe_MP_204550.1323__0Safe_safe_GE_204550.1816	31	28	56	76
0Safe_safe_MP_204550.1323__0Safe_safe_MP_204550.1197	40	29	70	74
0Safe_safe_MP_204550.1323__0Safe_safe_MP_204550.1296	35	26	57	58
0Safe_safe_MP_204550.1323__0Safe_safe_MP_204550.1323	101	104	183	195
0Safe_safe_MP_204550.1323__0Safe_safe_U3_204550.6027	25	19	29	29
0Safe_safe_MP_204550.1323__CDK2_1	100	111	112	97
0Safe_safe_MP_204550.1323__CDK2_2	83	66	97	111
0Safe_safe_MP_204550.1323__CDK2_3	93	99	126	177
0Safe_safe_MP_204550.1323__CDK2_4	155	161	174	231
0Safe_safe_MP_204550.1323__CTNNB1_1	45	43	90	101
0Safe_safe_MP_204550.1323__CTNNB1_2	59	55	93	92
0Safe_safe_MP_204550.1323__CTNNB1_3	55	68	98	129
0Safe_safe_MP_204550.1323__CTNNB1_4	79	85	117	154
0Safe_safe_MP_204550.1323__ETF1_1	55	58	38	41
0Safe_safe_MP_204550.1323__ETF1_2	103	91	81	84
0Safe_safe_MP_204550.1323__ETF1_3	28	30	41	56
0Safe_safe_MP_204550.1323__ETF1_4	74	61	112	150
0Safe_safe_MP_204550.1323__EZH2_1	52	53	97	83
0Safe_safe_MP_204550.1323__EZH2_2	79	75	136	161
0Safe_safe_MP_204550.1323__EZH2_3	91	81	131	143
0Safe_safe_MP_204550.1323__EZH2_4	77	46	105	123
0Safe_safe_MP_204550.1323__HSP90B1_1	94	88	112	155
0Safe_safe_MP_204550.1323__HSP90B1_2	108	117	130	170
0Safe_safe_MP_204550.1323__HSP90B1_3	48	43	70	91
0Safe_safe_MP_204550.1323__HSP90B1_4	34	27	48	53
0Safe_safe_MP_204550.1323__IGF1R_1	77	66	74	102
0Safe_safe_MP_204550.1323__IGF1R_2	89	85	170	171
0Safe_safe_MP_204550.1323__IGF1R_3	247	219	283	313
0Safe_safe_MP_204550.1323__IGF1R_4	33	39	35	64
0Safe_safe_MP_204550.1323__MAPK13_1	244	233	397	510
0Safe_safe_MP_204550.1323__MAPK13_2	74	72	129	151
0Safe_safe_MP_204550.1323__MAPK13_3	108	121	203	227
0Safe_safe_MP_204550.1323__MAPK13_4	69	60	93	100
0Safe_safe_MP_204550.1323__TRIB2_1	73	70	116	218
0Safe_safe_MP_204550.1323__TRIB2_2	40	56	91	104
0Safe_safe_MP_204550.1323__TRIB2_3	141	121	197	250
0Safe_safe_MP_204550.1323__TRIB2_4	75	83	113	127
0Safe_safe_MP_204550.1323__ULK1_1	35	33	45	64
0Safe_safe_MP_204550.1323__ULK1_2	52	70	113	134
0Safe_safe_MP_204550.1323__ULK1_3	53	49	75	74
0Safe_safe_MP_204550.1323__ULK1_4	99	92	155	182
0Safe_safe_MP_204550.1323__WNT5A_1	109	105	134	183
0Safe_safe_MP_204550.1323__WNT5A_2	109	136	190	216
0Safe_safe_MP_204550.1323__WNT5A_3	51	89	146	156
0Safe_safe_MP_204550.1323__WNT5A_4	89	73	151	183
0Safe_safe_U3_204550.6027__0Safe_safe_ACOC_204550.4522	16	5	15	23
0Safe_safe_U3_204550.6027__0Safe_safe_ACOC_204550.4525	27	31	52	53
0Safe_safe_U3_204550.6027__0Safe_safe_ACOC_204550.4590	40	40	50	66
0Safe_safe_U3_204550.6027__0Safe_safe_GE_204550.1561	20	14	31	38
0Safe_safe_U3_204550.6027__0Safe_safe_GE_204550.1743	10	13	17	22
0Safe_safe_U3_204550.6027__0Safe_safe_GE_204550.1816	13	9	16	17
0Safe_safe_U3_204550.6027__0Safe_safe_MP_204550.1197	16	9	37	26
0Safe_safe_U3_204550.6027__0Safe_safe_MP_204550.1296	7	7	12	25
0Safe_safe_U3_204550.6027__0Safe_safe_MP_204550.1323	32	26	47	55
0Safe_safe_U3_204550.6027__0Safe_safe_U3_204550.6027	3	4	8	8
0Safe_safe_U3_204550.6027__CDK2_1	27	33	42	37
0Safe_safe_U3_204550.6027__CDK2_2	25	35	42	49
0Safe_safe_U3_204550.6027__CDK2_3	26	23	28	47
0Safe_safe_U3_204550.6027__CDK2_4	39	45	61	84
0Safe_safe_U3_204550.6027__CTNNB1_1	21	17	25	36
0Safe_safe_U3_204550.6027__CTNNB1_2	14	10	38	52
0Safe_safe_U3_204550.6027__CTNNB1_3	17	17	38	38
0Safe_safe_U3_204550.6027__CTNNB1_4	25	17	42	64
0Safe_safe_U3_204550.6027__ETF1_1	9	31	21	9
0Safe_safe_U3_204550.6027__ETF1_2	26	16	17	13
0Safe_safe_U3_204550.6027__ETF1_3	7	11	12	22
0Safe_safe_U3_204550.6027__ETF1_4	21	17	30	40
0Safe_safe_U3_204550.6027__EZH2_1	20	14	37	44
0Safe_safe_U3_204550.6027__EZH2_2	31	31	60	48
0Safe_safe_U3_204550.6027__EZH2_3	22	41	51	73
0Safe_safe_U3_204550.6027__EZH2_4	14	21	42	41
0Safe_safe_U3_204550.6027__HSP90B1_1	28	33	48	52
0Safe_safe_U3_204550.6027__HSP90B1_2	36	36	48	61
0Safe_safe_U3_204550.6027__HSP90B1_3	17	11	34	23
0Safe_safe_U3_204550.6027__HSP90B1_4	8	9	16	18
0Safe_safe_U3_204550.6027__IGF1R_1	18	27	23	37
0Safe_safe_U3_204550.6027__IGF1R_2	22	26	44	48
0Safe_safe_U3_204550.6027__IGF1R_3	76	74	76	94
0Safe_safe_U3_204550.6027__IGF1R_4	20	13	16	22
0Safe_safe_U3_204550.6027__MAPK13_1	81	86	119	174
0Safe_safe_U3_204550.6027__MAPK13_2	25	31	37	44
0Safe_safe_U3_204550.6027__MAPK13_3	41	53	78	98
0Safe_safe_U3_204550.6027__MAPK13_4	20	20	22	33
0Safe_safe_U3_204550.6027__TRIB2_1	12	26	47	57
0Safe_safe_U3_204550.6027__TRIB2_2	17	17	42	39
0Safe_safe_U3_204550.6027__TRIB2_3	30	33	71	67
0Safe_safe_U3_204550.6027__TRIB2_4	23	28	39	46
0Safe_safe_U3_204550.6027__ULK1_1	13	12	17	30
0Safe_safe_U3_204550.6027__ULK1_2	22	16	22	29
0Safe_safe_U3_204550.6027__ULK1_3	13	11	26	22
0Safe_safe_U3_204550.6027__ULK1_4	27	33	54	62
0Safe_safe_U3_204550.6027__WNT5A_1	33	38	62	54
0Safe_safe_U3_204550.6027__WNT5A_2	30	30	54	69
0Safe_safe_U3_204550.6027__WNT5A_3	20	20	43	51
0Safe_safe_U3_204550.6027__WNT5A_4	22	28	39	53
CDK2_1__0Safe_safe_ACOC_204550.4522	50	25	34	41
CDK2_1__0Safe_safe_ACOC_204550.4525	112	116	109	140
CDK2_1__0Safe_safe_ACOC_204550.4590	155	146	128	172
CDK2_1__0Safe_safe_GE_204550.1561	61	72	63	73
CDK2_1__0Safe_safe_GE_204550.1743	62	52	58	64
CDK2_1__0Safe_safe_GE_204550.1816	33	41	42	40
CDK2_1__0Safe_safe_MP_204550.1197	47	43	37	48
CDK2_1__0Safe_safe_MP_204550.1296	39	33	36	37
CDK2_1__0Safe_safe_MP_204550.1323	120	101	121	126
CDK2_1__0Safe_safe_U3_204550.6027	31	23	20	12
CDK2_1__CDK2_1	140	147	98	121
CDK2_1__CDK2_2	81	119	92	88
CDK2_1__CDK2_3	114	104	87	104
CDK2_1__CDK2_4	188	201	154	204
CDK2_1__CTNNB1_1	57	57	52	71
CDK2_1__CTNNB1_2	78	58	64	79
CDK2_1__CTNNB1_3	74	69	69	115
CDK2_1__CTNNB1_4	99	88	87	123
CDK2_1__ETF1_1	58	61	28	20
CDK2_1__ETF1_2	114	94	50	68
CDK2_1__ETF1_3	34	32	24	39
CDK2_1__ETF1_4	76	82	86	102
CDK2_1__EZH2_1	68	71	68	55
CDK2_1__EZH2_2	105	115	93	109
CDK2_1__EZH2_3	98	116	91	111
CDK2_1__EZH2_4	70	73	68	101
CDK2_1__HSP90B1_1	110	118	87	117
CDK2_1__HSP90B1_2	105	152	111	122
CDK2_1__HSP90B1_3	75	63	54	55
CDK2_1__HSP90B1_4	36	42	29	38
CDK2_1__IGF1R_1	106	98	75	70
CDK2_1__IGF1R_2	107	103	83	94
CDK2_1__IGF1R_3	262	291	219	244
CDK2_1__IGF1R_4	46	33	21	34
CDK2_1__MAPK13_1	313	321	292	353
CDK2_1__MAPK13_2	109	94	74	93
CDK2_1__MAPK13_3	177	176	175	185
CDK2_1__MAPK13_4	60	73	74	82
CDK2_1__TRIB2_1	93	75	76	103
CDK2_1__TRIB2_2	77	59	63	68
CDK2_1__TRIB2_3	146	157	132	203
CDK2_1__TRIB2_4	88	104	83	110
CDK2_1__ULK1_1	52	51	54	56
CDK2_1__ULK1_2	85	80	69	91
CDK2_1__ULK1_3	74	78	58	75
CDK2_1__ULK1_4	141	158	104	137
CDK2_1__WNT5A_1	143	141	123	144
CDK2_1__WNT5A_2	144	160	147	167
CDK2_1__WNT5A_3	91	96	83	108
CDK2_1__WNT5A_4	114	100	109	143
CDK2_2__0Safe_safe_ACOC_204550.4522	14	21	16	25
CDK2_2__0Safe_safe_ACOC_204550.4525	49	50	53	53
CDK2_2__0Safe_safe_ACOC_204550.4590	59	70	73	77
CDK2_2__0Safe_safe_GE_204550.1561	30	31	29	32
CDK2_2__0Safe_safe_GE_204550.1743	39	39	32	34
CDK2_2__0Safe_safe_GE_204550.1816	21	13	21	17
CDK2_2__0Safe_safe_MP_204550.1197	8	19	16	22
CDK2_2__0Safe_safe_MP_204550.1296	17	14	20	26
CDK2_2__0Safe_safe_MP_204550.1323	53	45	65	74
CDK2_2__0Safe_safe_U3_204550.6027	8	10	13	19
CDK2_2__CDK2_1	61	71	51	72
CDK2_2__CDK2_2	47	39	28	39
CDK2_2__CDK2_3	34	37	36	38
CDK2_2__CDK2_4	76	69	75	91
CDK2_2__CTNNB1_1	22	23	36	29
CDK2_2__CTNNB1_2	32	27	30	49
CDK2_2__CTNNB1_3	25	29	31	52
CDK2_2__CTNNB1_4	37	55	62	66
CDK2_2__ETF1_1	45	39	19	19
CDK2_2__ETF1_2	50	46	21	34
CDK2_2__ETF1_3	9	17	11	18
CDK2_2__ETF1_4	27	34	45	37
CDK2_2__EZH2_1	33	37	36	55
CDK2_2__EZH2_2	59	53	65	87
CDK2_2__EZH2_3	50	58	66	78
CDK2_2__EZH2_4	39	34	44	46
CDK2_2__HSP90B1_1	56	60	55	76
CDK2_2__HSP90B1_2	72	58	53	64
CDK2_2__HSP90B1_3	29	31	20	37
CDK2_2__HSP90B1_4	18	13	19	20
CDK2_2__IGF1R_1	50	45	26	53
CDK2_2__IGF1R_2	48	44	59	65
CDK2_2__IGF1R_3	114	134	101	122
CDK2_2__IGF1R_4	23	23	20	12
CDK2_2__MAPK13_1	131	156	150	193
CDK2_2__MAPK13_2	43	37	46	35
CDK2_2__MAPK13_3	71	65	75	101
CDK2_2__MAPK13_4	39	34	40	59
CDK2_2__TRIB2_1	23	50	50	55
CDK2_2__TRIB2_2	26	32	33	46
CDK2_2__TRIB2_3	48	54	72	90
CDK2_2__TRIB2_4	38	61	59	72
CDK2_2__ULK1_1	29	14	20	33
CDK2_2__ULK1_2	42	40	30	38
CDK2_2__ULK1_3	30	28	26	20
CDK2_2__ULK1_4	59	61	74	89
CDK2_2__WNT5A_1	72	65	59	77
CDK2_2__WNT5A_2	53	63	57	70
CDK2_2__WNT5A_3	66	35	36	68
CDK2_2__WNT5A_4	57	52	56	81
CDK2_3__0Safe_safe_ACOC_204550.4522	22	32	41	32
CDK2_3__0Safe_safe_ACOC_204550.4525	71	86	109	99
CDK2_3__0Safe_safe_ACOC_204550.4590	80	62	90	115
CDK2_3__0Safe_safe_GE_204550.1561	52	53	73	74
CDK2_3__0Safe_safe_GE_204550.1743	35	39	44	55
CDK2_3__0Safe_safe_GE_204550.1816	20	14	26	19
CDK2_3__0Safe_safe_MP_204550.1197	29	36	39	56
CDK2_3__0Safe_safe_MP_204550.1296	25	15	22	31
CDK2_3__0Safe_safe_MP_204550.1323	61	83	116	122
CDK2_3__0Safe_safe_U3_204550.6027	20	12	20	23
CDK2_3__CDK2_1	101	85	67	83
CDK2_3__CDK2_2	67	54	68	72
CDK2_3__CDK2_3	58	66	71	97
CDK2_3__CDK2_4	114	114	113	166
CDK2_3__CTNNB1_1	39	33	67	96
CDK2_3__CTNNB1_2	40	31	66	85
CDK2_3__CTNNB1_3	40	50	73	89
CDK2_3__CTNNB1_4	66	64	79	109
CDK2_3__ETF1_1	47	48	18	37
CDK2_3__ETF1_2	67	65	47	54
CDK2_3__ETF1_3	29	19	25	25
CDK2_3__ETF1_4	54	48	65	92
CDK2_3__EZH2_1	45	60	71	90
CDK2_3__EZH2_2	54	56	86	113
CDK2_3__EZH2_3	88	64	92	132
CDK2_3__EZH2_4	38	41	71	92
CDK2_3__HSP90B1_1	70	74	75	97
CDK2_3__HSP90B1_2	102	90	84	97
CDK2_3__HSP90B1_3	44	37	46	64
CDK2_3__HSP90B1_4	23	18	32	38
CDK2_3__IGF1R_1	54	53	64	64
CDK2_3__IGF1R_2	43	67	70	100
CDK2_3__IGF1R_3	171	165	153	202
CDK2_3__IGF1R_4	31	32	18	34
CDK2_3__MAPK13_1	187	195	244	325
CDK2_3__MAPK13_2	59	60	78	107
CDK2_3__MAPK13_3	109	84	154	160
CDK2_3__MAPK13_4	52	29	44	60
CDK2_3__TRIB2_1	51	53	66	85
CDK2_3__TRIB2_2	45	35	70	73
CDK2_3__TRIB2_3	87	88	121	152
CDK2_3__TRIB2_4	67	60	86	107
CDK2_3__ULK1_1	20	31	42	42
CDK2_3__ULK1_2	46	50	56	91
CDK2_3__ULK1_3	35	32	39	43
CDK2_3__ULK1_4	83	93	98	150
CDK2_3__WNT5A_1	73	72	109	113
CDK2_3__WNT5A_2	86	72	127	147
CDK2_3__WNT5A_3	57	40	55	84
CDK2_3__WNT5A_4	64	68	88	146
CDK2_4__0Safe_safe_ACOC_204550.4522	24	35	29	35
CDK2_4__0Safe_safe_ACOC_204550.4525	59	76	73	87
CDK2_4__0Safe_safe_ACOC_204550.4590	127	122	130	141
CDK2_4__0Safe_safe_GE_204550.1561	45	51	52	64
CDK2_4__0Safe_safe_GE_204550.1743	34	29	41	40
CDK2_4__0Safe_safe_GE_204550.1816	15	19	38	25
CDK2_4__0Safe_safe_MP_204550.1197	30	26	31	34
CDK2_4__0Safe_safe_MP_204550.1296	16	26	27	25
CDK2_4__0Safe_safe_MP_204550.1323	76	73	91	100
CDK2_4__0Safe_safe_U3_204550.6027	20	8	21	24
CDK2_4__CDK2_1	111	107	84	95
CDK2_4__CDK2_2	75	70	75	73
CDK2_4__CDK2_3	71	63	67	71
CDK2_4__CDK2_4	121	117	135	147
CDK2_4__CTNNB1_1	35	43	45	62
CDK2_4__CTNNB1_2	27	49	36	71
CDK2_4__CTNNB1_3	35	51	57	57
CDK2_4__CTNNB1_4	85	71	78	74
CDK2_4__ETF1_1	63	52	28	41
CDK2_4__ETF1_2	70	73	34	61
CDK2_4__ETF1_3	26	18	19	27
CDK2_4__ETF1_4	58	48	77	78
CDK2_4__EZH2_1	45	42	39	54
CDK2_4__EZH2_2	82	67	84	100
CDK2_4__EZH2_3	99	77	91	125
CDK2_4__EZH2_4	54	30	53	68
CDK2_4__HSP90B1_1	75	86	82	99
CDK2_4__HSP90B1_2	68	90	98	106
CDK2_4__HSP90B1_3	46	32	45	59
CDK2_4__HSP90B1_4	35	32	26	35
CDK2_4__IGF1R_1	68	47	66	74
CDK2_4__IGF1R_2	71	67	81	71
CDK2_4__IGF1R_3	176	163	156	188
CDK2_4__IGF1R_4	24	37	27	14
CDK2_4__MAPK13_1	197	195	196	348
CDK2_4__MAPK13_2	71	71	74	99
CDK2_4__MAPK13_3	96	113	115	153
CDK2_4__MAPK13_4	40	50	56	64
CDK2_4__TRIB2_1	60	48	53	72
CDK2_4__TRIB2_2	32	42	55	39
CDK2_4__TRIB2_3	83	95	90	139
CDK2_4__TRIB2_4	66	57	83	88
CDK2_4__ULK1_1	35	29	31	49
CDK2_4__ULK1_2	45	44	42	51
CDK2_4__ULK1_3	38	35	40	47
CDK2_4__ULK1_4	81	76	82	108
CDK2_4__WNT5A_1	99	85	98	120
CDK2_4__WNT5A_2	89	48	94	123
CDK2_4__WNT5A_3	62	63	82	78
CDK2_4__WNT5A_4	72	47	76	102
CTNNB1_1__0Safe_safe_ACOC_204550.4522	35	35	67	63
CTNNB1_1__0Safe_safe_ACOC_204550.4525	112	91	167	155
CTNNB1_1__0Safe_safe_ACOC_204550.4590	140	117	210	243
CTNNB1_1__0Safe_safe_GE_204550.1561	56	59	99	132
CTNNB1_1__0Safe_safe_GE_204550.1743	65	58	90	111
CTNNB1_1__0Safe_safe_GE_204550.1816	34	31	61	64
CTNNB1_1__0Safe_safe_MP_204550.1197	47	54	95	91
CTNNB1_1__0Safe_safe_MP_204550.1296	39	30	56	76
CTNNB1_1__0Safe_safe_MP_204550.1323	131	116	197	215
CTNNB1_1__0Safe_safe_U3_204550.6027	22	25	42	36
CTNNB1_1__CDK2_1	122	125	146	182
CTNNB1_1__CDK2_2	94	92	128	136
CTNNB1_1__CDK2_3	81	77	126	152
CTNNB1_1__CDK2_4	214	166	267	402
CTNNB1_1__CTNNB1_1	53	45	112	103
CTNNB1_1__CTNNB1_2	71	46	107	135
CTNNB1_1__CTNNB1_3	54	78	147	147
CTNNB1_1__CTNNB1_4	123	89	183	230
CTNNB1_1__ETF1_1	65	86	46	66
CTNNB1_1__ETF1_2	81	100	68	88
CTNNB1_1__ETF1_3	43	37	53	68
CTNNB1_1__ETF1_4	84	94	150	218
CTNNB1_1__EZH2_1	73	66	114	119
CTNNB1_1__EZH2_2	109	92	158	202
CTNNB1_1__EZH2_3	122	111	190	261
CTNNB1_1__EZH2_4	66	66	120	162
CTNNB1_1__HSP90B1_1	120	90	165	180
CTNNB1_1__HSP90B1_2	102	124	128	177
CTNNB1_1__HSP90B1_3	61	72	106	118
CTNNB1_1__HSP90B1_4	30	28	76	105
CTNNB1_1__IGF1R_1	113	83	122	146
CTNNB1_1__IGF1R_2	90	82	150	184
CTNNB1_1__IGF1R_3	280	254	303	394
CTNNB1_1__IGF1R_4	33	41	68	73
CTNNB1_1__MAPK13_1	292	277	493	604
CTNNB1_1__MAPK13_2	85	105	154	173
CTNNB1_1__MAPK13_3	146	164	295	347
CTNNB1_1__MAPK13_4	57	59	98	159
CTNNB1_1__TRIB2_1	73	69	150	180
CTNNB1_1__TRIB2_2	49	62	103	111
CTNNB1_1__TRIB2_3	152	150	264	309
CTNNB1_1__TRIB2_4	90	90	151	167
CTNNB1_1__ULK1_1	58	43	71	79
CTNNB1_1__ULK1_2	75	69	100	147
CTNNB1_1__ULK1_3	65	62	93	119
CTNNB1_1__ULK1_4	121	121	212	232
CTNNB1_1__WNT5A_1	155	164	221	282
CTNNB1_1__WNT5A_2	119	132	233	284
CTNNB1_1__WNT5A_3	93	90	138	163
CTNNB1_1__WNT5A_4	94	100	147	210
CTNNB1_2__0Safe_safe_ACOC_204550.4522	81	85	159	188
CTNNB1_2__0Safe_safe_ACOC_204550.4525	233	226	344	398
CTNNB1_2__0Safe_safe_ACOC_204550.4590	349	264	483	569
CTNNB1_2__0Safe_safe_GE_204550.1561	120	144	229	299
CTNNB1_2__0Safe_safe_GE_204550.1743	129	120	207	256
CTNNB1_2__0Safe_safe_GE_204550.1816	81	68	120	149
CTNNB1_2__0Safe_safe_MP_204550.1197	91	92	179	180
CTNNB1_2__0Safe_safe_MP_204550.1296	59	80	137	137
CTNNB1_2__0Safe_safe_MP_204550.1323	250	239	460	481
CTNNB1_2__0Safe_safe_U3_204550.6027	48	34	91	93
CTNNB1_2__CDK2_1	281	288	298	331
CTNNB1_2__CDK2_2	193	228	319	295
CTNNB1_2__CDK2_3	196	205	288	378
CTNNB1_2__CDK2_4	381	384	594	755
CTNNB1_2__CTNNB1_1	118	127	249	275
CTNNB1_2__CTNNB1_2	128	118	239	291
CTNNB1_2__CTNNB1_3	164	172	271	381
CTNNB1_2__CTNNB1_4	198	200	413	531
CTNNB1_2__ETF1_1	153	160	78	121
CTNNB1_2__ETF1_2	222	227	188	216
CTNNB1_2__ETF1_3	68	69	138	188
CTNNB1_2__ETF1_4	160	143	259	391
CTNNB1_2__EZH2_1	153	151	241	271
CTNNB1_2__EZH2_2	229	186	413	447
CTNNB1_2__EZH2_3	256	268	420	473
CTNNB1_2__EZH2_4	138	140	280	336
CTNNB1_2__HSP90B1_1	270	260	366	473
CTNNB1_2__HSP90B1_2	264	302	349	412
CTNNB1_2__HSP90B1_3	153	133	230	309
CTNNB1_2__HSP90B1_4	85	80	119	142
CTNNB1_2__IGF1R_1	199	216	264	326
CTNNB1_2__IGF1R_2	210	184	407	426
CTNNB1_2__IGF1R_3	626	610	689	940
CTNNB1_2__IGF1R_4	78	97	121	145
CTNNB1_2__MAPK13_1	586	640	1071	1278
CTNNB1_2__MAPK13_2	204	223	332	421
CTNNB1_2__MAPK13_3	329	330	573	686
CTNNB1_2__MAPK13_4	146	170	211	299
CTNNB1_2__TRIB2_1	172	188	324	410
CTNNB1_2__TRIB2_2	147	131	263	285
CTNNB1_2__TRIB2_3	284	307	541	736
CTNNB1_2__TRIB2_4	215	210	357	460
CTNNB1_2__ULK1_1	97	83	198	196
CTNNB1_2__ULK1_2	174	170	229	316
CTNNB1_2__ULK1_3	137	108	200	242
CTNNB1_2__ULK1_4	269	291	491	523
CTNNB1_2__WNT5A_1	314	299	416	559
CTNNB1_2__WNT5A_2	304	317	516	602
CTNNB1_2__WNT5A_3	213	180	313	380
CTNNB1_2__WNT5A_4	239	248	383	498
CTNNB1_3__0Safe_safe_ACOC_204550.4522	36	36	69	64
CTNNB1_3__0Safe_safe_ACOC_204550.4525	105	107	206	193
CTNNB1_3__0Safe_safe_ACOC_204550.4590	147	126	246	293
CTNNB1_3__0Safe_safe_GE_204550.1561	79	85	130	143
CTNNB1_3__0Safe_safe_GE_204550.1743	54	59	104	131
CTNNB1_3__0Safe_safe_GE_204550.1816	34	31	68	76
CTNNB1_3__0Safe_safe_MP_204550.1197	47	45	96	126
CTNNB1_3__0Safe_safe_MP_204550.1296	30	23	58	63
CTNNB1_3__0Safe_safe_MP_204550.1323	135	126	245	298
CTNNB1_3__0Safe_safe_U3_204550.6027	18	37	66	62
CTNNB1_3__CDK2_1	129	153	181	214
CTNNB1_3__CDK2_2	89	108	155	192
CTNNB1_3__CDK2_3	112	86	172	201
CTNNB1_3__CDK2_4	237	182	306	445
CTNNB1_3__CTNNB1_1	77	82	137	174
CTNNB1_3__CTNNB1_2	61	63	142	168
CTNNB1_3__CTNNB1_3	71	61	139	181
CTNNB1_3__CTNNB1_4	104	104	198	259
CTNNB1_3__ETF1_1	86	85	50	62
CTNNB1_3__ETF1_2	111	106	94	111
CTNNB1_3__ETF1_3	34	43	61	68
CTNNB1_3__ETF1_4	92	75	197	256
CTNNB1_3__EZH2_1	66	66	136	181
CTNNB1_3__EZH2_2	134	101	217	246
CTNNB1_3__EZH2_3	119	102	209	236
CTNNB1_3__EZH2_4	92	94	176	238
CTNNB1_3__HSP90B1_1	126	121	203	254
CTNNB1_3__HSP90B1_2	119	143	202	207
CTNNB1_3__HSP90B1_3	59	63	113	132
CTNNB1_3__HSP90B1_4	35	35	83	74
CTNNB1_3__IGF1R_1	83	94	140	154
CTNNB1_3__IGF1R_2	110	106	161	254
CTNNB1_3__IGF1R_3	269	317	358	428
CTNNB1_3__IGF1R_4	42	28	61	73
CTNNB1_3__MAPK13_1	293	256	564	568
CTNNB1_3__MAPK13_2	85	105	183	217
CTNNB1_3__MAPK13_3	168	169	333	400
CTNNB1_3__MAPK13_4	82	83	158	177
CTNNB1_3__TRIB2_1	87	103	175	233
CTNNB1_3__TRIB2_2	64	64	145	148
CTNNB1_3__TRIB2_3	171	160	305	388
CTNNB1_3__TRIB2_4	103	105	187	233
CTNNB1_3__ULK1_1	56	50	76	111
CTNNB1_3__ULK1_2	87	101	153	177
CTNNB1_3__ULK1_3	62	59	101	112
CTNNB1_3__ULK1_4	136	120	233	278
CTNNB1_3__WNT5A_1	164	124	218	314
CTNNB1_3__WNT5A_2	151	142	237	288
CTNNB1_3__WNT5A_3	77	81	180	215
CTNNB1_3__WNT5A_4	135	103	224	284
CTNNB1_4__0Safe_safe_ACOC_204550.4522	37	28	51	63
CTNNB1_4__0Safe_safe_ACOC_204550.4525	91	87	146	151
CTNNB1_4__0Safe_safe_ACOC_204550.4590	118	120	187	224
CTNNB1_4__0Safe_safe_GE_204550.1561	38	66	92	101
CTNNB1_4__0Safe_safe_GE_204550.1743	42	52	68	97
CTNNB1_4__0Safe_safe_GE_204550.1816	27	27	51	48
CTNNB1_4__0Safe_safe_MP_204550.1197	26	33	56	54
CTNNB1_4__0Safe_safe_MP_204550.1296	22	29	35	52
CTNNB1_4__0Safe_safe_MP_204550.1323	90	101	161	181
CTNNB1_4__0Safe_safe_U3_204550.6027	15	13	37	39
CTNNB1_4__CDK2_1	96	115	116	132
CTNNB1_4__CDK2_2	96	81	88	110
CTNNB1_4__CDK2_3	77	83	110	125
CTNNB1_4__CDK2_4	159	126	235	259
CTNNB1_4__CTNNB1_1	42	58	92	95
CTNNB1_4__CTNNB1_2	49	51	97	109
CTNNB1_4__CTNNB1_3	48	48	106	115
CTNNB1_4__CTNNB1_4	85	82	129	171
CTNNB1_4__ETF1_1	62	68	38	52
CTNNB1_4__ETF1_2	88	97	69	82
CTNNB1_4__ETF1_3	32	33	54	48
CTNNB1_4__ETF1_4	55	68	137	165
CTNNB1_4__EZH2_1	52	51	78	84
CTNNB1_4__EZH2_2	75	89	147	159
CTNNB1_4__EZH2_3	93	91	160	183
CTNNB1_4__EZH2_4	68	66	115	144
CTNNB1_4__HSP90B1_1	68	89	132	152
CTNNB1_4__HSP90B1_2	102	118	115	172
CTNNB1_4__HSP90B1_3	53	56	57	79
CTNNB1_4__HSP90B1_4	27	33	52	70
CTNNB1_4__IGF1R_1	85	72	68	105
CTNNB1_4__IGF1R_2	83	65	105	128
CTNNB1_4__IGF1R_3	214	189	259	288
CTNNB1_4__IGF1R_4	33	36	40	60
CTNNB1_4__MAPK13_1	197	215	376	433
CTNNB1_4__MAPK13_2	84	82	122	123
CTNNB1_4__MAPK13_3	124	114	195	212
CTNNB1_4__MAPK13_4	68	45	92	118
CTNNB1_4__TRIB2_1	60	71	119	127
CTNNB1_4__TRIB2_2	64	71	87	102
CTNNB1_4__TRIB2_3	108	114	186	241
CTNNB1_4__TRIB2_4	76	81	102	133
CTNNB1_4__ULK1_1	29	40	61	87
CTNNB1_4__ULK1_2	63	70	68	102
CTNNB1_4__ULK1_3	45	55	68	85
CTNNB1_4__ULK1_4	84	86	153	157
CTNNB1_4__WNT5A_1	111	118	181	208
CTNNB1_4__WNT5A_2	120	130	213	238
CTNNB1_4__WNT5A_3	66	63	110	142
CTNNB1_4__WNT5A_4	88	82	150	189
ETF1_1__0Safe_safe_ACOC_204550.4522	14	11	0	6
ETF1_1__0Safe_safe_ACOC_204550.4525	42	26	9	14
ETF1_1__0Safe_safe_ACOC_204550.4590	52	46	11	19
ETF1_1__0Safe_safe_GE_204550.1561	27	28	7	8
ETF1_1__0Safe_safe_GE_204550.1743	24	16	9	4
ETF1_1__0Safe_safe_GE_204550.1816	2	6	3	5
ETF1_1__0Safe_safe_MP_204550.1197	16	10	4	6
ETF1_1__0Safe_safe_MP_204550.1296	13	14	2	5
ETF1_1__0Safe_safe_MP_204550.1323	40	32	15	6
ETF1_1__0Safe_safe_U3_204550.6027	6	7	3	4
ETF1_1__CDK2_1	54	44	9	12
ETF1_1__CDK2_2	39	34	10	7
ETF1_1__CDK2_3	35	33	6	11
ETF1_1__CDK2_4	72	71	22	21
ETF1_1__CTNNB1_1	35	16	4	9
ETF1_1__CTNNB1_2	27	28	4	10
ETF1_1__CTNNB1_3	25	31	6	16
ETF1_1__CTNNB1_4	49	36	5	8
ETF1_1__ETF1_1	23	21	3	2
ETF1_1__ETF1_2	46	33	8	6
ETF1_1__ETF1_3	9	14	2	3
ETF1_1__ETF1_4	23	22	6	9
ETF1_1__EZH2_1	33	23	7	11
ETF1_1__EZH2_2	28	39	5	10
ETF1_1__EZH2_3	41	38	11	12
ETF1_1__EZH2_4	31	28	5	7
ETF1_1__HSP90B1_1	49	41	4	13
ETF1_1__HSP90B1_2	47	58	7	27
ETF1_1__HSP90B1_3	21	22	4	15
ETF1_1__HSP90B1_4	7	11	4	3
ETF1_1__IGF1R_1	38	30	16	9
ETF1_1__IGF1R_2	36	47	13	16
ETF1_1__IGF1R_3	104	98	17	24
ETF1_1__IGF1R_4	19	20	1	3
ETF1_1__MAPK13_1	114	111	34	35
ETF1_1__MAPK13_2	31	38	7	12
ETF1_1__MAPK13_3	43	53	14	24
ETF1_1__MAPK13_4	26	24	8	8
ETF1_1__TRIB2_1	40	25	5	9
ETF1_1__TRIB2_2	18	29	10	10
ETF1_1__TRIB2_3	50	50	17	12
ETF1_1__TRIB2_4	34	32	5	15
ETF1_1__ULK1_1	17	13	3	7
ETF1_1__ULK1_2	27	22	5	3
ETF1_1__ULK1_3	21	17	1	9
ETF1_1__ULK1_4	44	44	12	5
ETF1_1__WNT5A_1	48	47	9	11
ETF1_1__WNT5A_2	57	42	15	25
ETF1_1__WNT5A_3	35	39	10	12
ETF1_1__WNT5A_4	44	44	10	16
ETF1_2__0Safe_safe_ACOC_204550.4522	41	32	15	17
ETF1_2__0Safe_safe_ACOC_204550.4525	80	94	43	51
ETF1_2__0Safe_safe_ACOC_204550.4590	103	120	50	75
ETF1_2__0Safe_safe_GE_204550.1561	52	54	26	38
ETF1_2__0Safe_safe_GE_204550.1743	43	51	19	29
ETF1_2__0Safe_safe_GE_204550.1816	27	23	11	14
ETF1_2__0Safe_safe_MP_204550.1197	34	29	13	27
ETF1_2__0Safe_safe_MP_204550.1296	21	21	9	19
ETF1_2__0Safe_safe_MP_204550.1323	94	91	46	59
ETF1_2__0Safe_safe_U3_204550.6027	27	23	7	13
ETF1_2__CDK2_1	99	95	32	56
ETF1_2__CDK2_2	85	71	31	36
ETF1_2__CDK2_3	68	90	26	51
ETF1_2__CDK2_4	124	136	50	86
ETF1_2__CTNNB1_1	47	58	26	25
ETF1_2__CTNNB1_2	54	53	23	31
ETF1_2__CTNNB1_3	37	41	32	42
ETF1_2__CTNNB1_4	80	80	39	47
ETF1_2__ETF1_1	58	73	6	9
ETF1_2__ETF1_2	67	79	15	18
ETF1_2__ETF1_3	33	31	11	22
ETF1_2__ETF1_4	50	86	29	40
ETF1_2__EZH2_1	63	49	28	32
ETF1_2__EZH2_2	65	79	49	50
ETF1_2__EZH2_3	103	112	52	46
ETF1_2__EZH2_4	50	69	41	50
ETF1_2__HSP90B1_1	85	82	45	31
ETF1_2__HSP90B1_2	87	77	46	59
ETF1_2__HSP90B1_3	61	62	24	34
ETF1_2__HSP90B1_4	34	35	13	15
ETF1_2__IGF1R_1	78	75	32	44
ETF1_2__IGF1R_2	63	77	36	46
ETF1_2__IGF1R_3	194	221	57	106
ETF1_2__IGF1R_4	29	40	18	17
ETF1_2__MAPK13_1	252	241	117	134
ETF1_2__MAPK13_2	89	71	38	63
ETF1_2__MAPK13_3	123	118	62	68
ETF1_2__MAPK13_4	56	55	27	36
ETF1_2__TRIB2_1	57	82	31	62
ETF1_2__TRIB2_2	56	59	28	24
ETF1_2__TRIB2_3	106	120	67	68
ETF1_2__TRIB2_4	73	78	39	40
ETF1_2__ULK1_1	37	39	15	22
ETF1_2__ULK1_2	60	56	28	27
ETF1_2__ULK1_3	47	49	15	26
ETF1_2__ULK1_4	92	96	57	57
ETF1_2__WNT5A_1	107	114	50	59
ETF1_2__WNT5A_2	104	114	40	62
ETF1_2__WNT5A_3	64	89	34	50
ETF1_2__WNT5A_4	77	85	43	45
ETF1_3__0Safe_safe_ACOC_204550.4522	14	31	21	32
ETF1_3__0Safe_safe_ACOC_204550.4525	61	65	88	112
ETF1_3__0Safe_safe_ACOC_204550.4590	88	87	123	139
ETF1_3__0Safe_safe_GE_204550.1561	38	53	64	65
ETF1_3__0Safe_safe_GE_204550.1743	17	26	28	37
ETF1_3__0Safe_safe_GE_204550.1816	15	21	24	20
ETF1_3__0Safe_safe_MP_204550.1197	41	36	40	43
ETF1_3__0Safe_safe_MP_204550.1296	17	16	22	26
ETF1_3__0Safe_safe_MP_204550.1323	72	56	85	91
ETF1_3__0Safe_safe_U3_204550.6027	12	11	11	22
ETF1_3__CDK2_1	74	89	46	91
ETF1_3__CDK2_2	41	56	58	41
ETF1_3__CDK2_3	61	59	73	82
ETF1_3__CDK2_4	99	114	97	135
ETF1_3__CTNNB1_1	38	44	45	55
ETF1_3__CTNNB1_2	33	34	46	67
ETF1_3__CTNNB1_3	34	41	43	50
ETF1_3__CTNNB1_4	66	70	71	82
ETF1_3__ETF1_1	40	46	13	19
ETF1_3__ETF1_2	73	70	32	54
ETF1_3__ETF1_3	8	16	24	19
ETF1_3__ETF1_4	46	48	60	65
ETF1_3__EZH2_1	40	32	41	46
ETF1_3__EZH2_2	54	53	62	69
ETF1_3__EZH2_3	78	65	78	94
ETF1_3__EZH2_4	39	47	58	74
ETF1_3__HSP90B1_1	70	62	77	81
ETF1_3__HSP90B1_2	68	72	78	83
ETF1_3__HSP90B1_3	31	32	39	50
ETF1_3__HSP90B1_4	29	22	28	24
ETF1_3__IGF1R_1	63	65	54	68
ETF1_3__IGF1R_2	39	45	73	76
ETF1_3__IGF1R_3	155	161	184	219
ETF1_3__IGF1R_4	21	35	23	26
ETF1_3__MAPK13_1	165	147	177	200
ETF1_3__MAPK13_2	55	50	62	65
ETF1_3__MAPK13_3	90	119	146	141
ETF1_3__MAPK13_4	62	52	78	73
ETF1_3__TRIB2_1	40	51	74	61
ETF1_3__TRIB2_2	54	39	39	50
ETF1_3__TRIB2_3	76	89	118	131
ETF1_3__TRIB2_4	62	52	60	72
ETF1_3__ULK1_1	24	23	33	36
ETF1_3__ULK1_2	52	55	54	79
ETF1_3__ULK1_3	37	23	50	39
ETF1_3__ULK1_4	81	79	80	97
ETF1_3__WNT5A_1	81	86	93	119
ETF1_3__WNT5A_2	77	96	124	133
ETF1_3__WNT5A_3	54	53	78	100
ETF1_3__WNT5A_4	69	73	100	114
ETF1_4__0Safe_safe_ACOC_204550.4522	14	9	8	18
ETF1_4__0Safe_safe_ACOC_204550.4525	37	22	24	27
ETF1_4__0Safe_safe_ACOC_204550.4590	48	52	44	56
ETF1_4__0Safe_safe_GE_204550.1561	27	24	19	18
ETF1_4__0Safe_safe_GE_204550.1743	21	16	17	13
ETF1_4__0Safe_safe_GE_204550.1816	13	8	12	7
ETF1_4__0Safe_safe_MP_204550.1197	18	15	7	11
ETF1_4__0Safe_safe_MP_204550.1296	13	10	5	7
ETF1_4__0Safe_safe_MP_204550.1323	32	29	31	47
ETF1_4__0Safe_safe_U3_204550.6027	8	4	7	14
ETF1_4__CDK2_1	39	33	16	23
ETF1_4__CDK2_2	39	25	25	28
ETF1_4__CDK2_3	35	27	19	22
ETF1_4__CDK2_4	72	58	48	50
ETF1_4__CTNNB1_1	32	19	21	22
ETF1_4__CTNNB1_2	22	24	12	27
ETF1_4__CTNNB1_3	19	14	21	16
ETF1_4__CTNNB1_4	36	33	33	44
ETF1_4__ETF1_1	28	31	4	9
ETF1_4__ETF1_2	32	38	16	19
ETF1_4__ETF1_3	13	6	6	12
ETF1_4__ETF1_4	27	20	18	18
ETF1_4__EZH2_1	19	19	10	14
ETF1_4__EZH2_2	34	35	37	24
ETF1_4__EZH2_3	50	37	20	48
ETF1_4__EZH2_4	31	25	18	31
ETF1_4__HSP90B1_1	56	35	27	38
ETF1_4__HSP90B1_2	42	42	33	28
ETF1_4__HSP90B1_3	20	19	22	21
ETF1_4__HSP90B1_4	7	9	13	15
ETF1_4__IGF1R_1	34	27	22	24
ETF1_4__IGF1R_2	31	26	21	39
ETF1_4__IGF1R_3	99	97	57	77
ETF1_4__IGF1R_4	10	8	5	15
ETF1_4__MAPK13_1	90	104	84	94
ETF1_4__MAPK13_2	32	32	23	19
ETF1_4__MAPK13_3	56	48	37	60
ETF1_4__MAPK13_4	24	24	25	26
ETF1_4__TRIB2_1	26	28	27	22
ETF1_4__TRIB2_2	15	32	19	22
ETF1_4__TRIB2_3	33	52	39	61
ETF1_4__TRIB2_4	34	22	19	18
ETF1_4__ULK1_1	16	8	7	10
ETF1_4__ULK1_2	27	28	17	21
ETF1_4__ULK1_3	20	14	16	11
ETF1_4__ULK1_4	41	36	37	20
ETF1_4__WNT5A_1	40	47	25	40
ETF1_4__WNT5A_2	42	43	37	44
ETF1_4__WNT5A_3	49	34	32	38
ETF1_4__WNT5A_4	34	36	26	38
EZH2_1__0Safe_safe_ACOC_204550.4522	25	13	29	35
EZH2_1__0Safe_safe_ACOC_204550.4525	49	50	77	81
EZH2_1__0Safe_safe_ACOC_204550.4590	71	69	113	132
EZH2_1__0Safe_safe_GE_204550.1561	36	38	52	71
EZH2_1__0Safe_safe_GE_204550.1743	31	27	49	39
EZH2_1__0Safe_safe_GE_204550.1816	16	19	28	42
EZH2_1__0Safe_safe_MP_204550.1197	16	24	45	35
EZH2_1__0Safe_safe_MP_204550.1296	15	14	28	25
EZH2_1__0Safe_safe_MP_204550.1323	58	62	134	134
EZH2_1__0Safe_safe_U3_204550.6027	13	11	25	19
EZH2_1__CDK2_1	74	68	76	101
EZH2_1__CDK2_2	57	59	61	75
EZH2_1__CDK2_3	48	52	54	81
EZH2_1__CDK2_4	108	82	105	134
EZH2_1__CTNNB1_1	27	32	67	63
EZH2_1__CTNNB1_2	24	22	52	66
EZH2_1__CTNNB1_3	38	32	60	71
EZH2_1__CTNNB1_4	53	51	72	85
EZH2_1__ETF1_1	24	42	28	30
EZH2_1__ETF1_2	52	46	36	45
EZH2_1__ETF1_3	19	20	18	22
EZH2_1__ETF1_4	32	35	60	67
EZH2_1__EZH2_1	28	35	53	55
EZH2_1__EZH2_2	53	47	94	112
EZH2_1__EZH2_3	73	55	110	125
EZH2_1__EZH2_4	38	37	70	72
EZH2_1__HSP90B1_1	52	49	79	72
EZH2_1__HSP90B1_2	78	55	89	115
EZH2_1__HSP90B1_3	37	33	39	54
EZH2_1__HSP90B1_4	16	12	26	31
EZH2_1__IGF1R_1	53	53	59	79
EZH2_1__IGF1R_2	49	66	78	110
EZH2_1__IGF1R_3	144	119	173	174
EZH2_1__IGF1R_4	15	23	21	22
EZH2_1__MAPK13_1	141	116	201	258
EZH2_1__MAPK13_2	47	52	71	81
EZH2_1__MAPK13_3	77	72	114	132
EZH2_1__MAPK13_4	43	44	68	63
EZH2_1__TRIB2_1	35	47	78	79
EZH2_1__TRIB2_2	30	34	51	61
EZH2_1__TRIB2_3	71	76	127	157
EZH2_1__TRIB2_4	56	45	85	91
EZH2_1__ULK1_1	13	26	43	41
EZH2_1__ULK1_2	37	47	57	60
EZH2_1__ULK1_3	40	27	44	39
EZH2_1__ULK1_4	60	69	80	94
EZH2_1__WNT5A_1	69	67	89	115
EZH2_1__WNT5A_2	59	61	110	109
EZH2_1__WNT5A_3	46	38	81	86
EZH2_1__WNT5A_4	59	56	93	99
EZH2_2__0Safe_safe_ACOC_204550.4522	16	23	36	42
EZH2_2__0Safe_safe_ACOC_204550.4525	46	53	89	122
EZH2_2__0Safe_safe_ACOC_204550.4590	103	98	126	198
EZH2_2__0Safe_safe_GE_204550.1561	30	40	72	53
EZH2_2__0Safe_safe_GE_204550.1743	35	32	42	63
EZH2_2__0Safe_safe_GE_204550.1816	27	17	38	30
EZH2_2__0Safe_safe_MP_204550.1197	22	30	50	61
EZH2_2__0Safe_safe_MP_204550.1296	17	16	35	30
EZH2_2__0Safe_safe_MP_204550.1323	78	76	122	152
EZH2_2__0Safe_safe_U3_204550.6027	21	20	15	33
EZH2_2__CDK2_1	68	78	85	105
EZH2_2__CDK2_2	70	60	67	71
EZH2_2__CDK2_3	62	74	75	95
EZH2_2__CDK2_4	113	109	162	197
EZH2_2__CTNNB1_1	45	40	78	55
EZH2_2__CTNNB1_2	33	41	76	88
EZH2_2__CTNNB1_3	36	48	67	71
EZH2_2__CTNNB1_4	59	51	88	110
EZH2_2__ETF1_1	46	61	23	30
EZH2_2__ETF1_2	60	65	47	73
EZH2_2__ETF1_3	23	21	31	48
EZH2_2__ETF1_4	37	42	81	86
EZH2_2__EZH2_1	42	55	67	93
EZH2_2__EZH2_2	58	72	97	123
EZH2_2__EZH2_3	62	64	101	93
EZH2_2__EZH2_4	46	41	62	94
EZH2_2__HSP90B1_1	64	74	105	130
EZH2_2__HSP90B1_2	86	86	83	109
EZH2_2__HSP90B1_3	43	42	54	71
EZH2_2__HSP90B1_4	27	22	49	40
EZH2_2__IGF1R_1	57	64	78	85
EZH2_2__IGF1R_2	62	69	86	102
EZH2_2__IGF1R_3	198	186	214	263
EZH2_2__IGF1R_4	39	28	24	37
EZH2_2__MAPK13_1	215	200	244	319
EZH2_2__MAPK13_2	56	65	85	104
EZH2_2__MAPK13_3	111	101	197	202
EZH2_2__MAPK13_4	58	37	71	94
EZH2_2__TRIB2_1	61	60	106	107
EZH2_2__TRIB2_2	45	35	59	79
EZH2_2__TRIB2_3	89	80	154	186
EZH2_2__TRIB2_4	58	78	93	114
EZH2_2__ULK1_1	31	31	49	63
EZH2_2__ULK1_2	49	41	67	87
EZH2_2__ULK1_3	42	34	34	67
EZH2_2__ULK1_4	79	72	125	115
EZH2_2__WNT5A_1	86	96	121	172
EZH2_2__WNT5A_2	87	94	154	153
EZH2_2__WNT5A_3	64	43	67	105
EZH2_2__WNT5A_4	76	69	96	135
EZH2_3__0Safe_safe_ACOC_204550.4522	32	32	35	48
EZH2_3__0Safe_safe_ACOC_204550.4525	98	68	106	144
EZH2_3__0Safe_safe_ACOC_204550.4590	90	104	133	172
EZH2_3__0Safe_safe_GE_204550.1561	51	43	67	73
EZH2_3__0Safe_safe_GE_204550.1743	45	41	50	56
EZH2_3__0Safe_safe_GE_204550.1816	23	24	31	48
EZH2_3__0Safe_safe_MP_204550.1197	36	17	57	62
EZH2_3__0Safe_safe_MP_204550.1296	18	18	31	37
EZH2_3__0Safe_safe_MP_204550.1323	76	71	145	172
EZH2_3__0Safe_safe_U3_204550.6027	20	18	34	44
EZH2_3__CDK2_1	96	94	116	111
EZH2_3__CDK2_2	76	85	79	99
EZH2_3__CDK2_3	61	85	76	110
EZH2_3__CDK2_4	144	92	151	188
EZH2_3__CTNNB1_1	43	48	58	88
EZH2_3__CTNNB1_2	58	43	101	97
EZH2_3__CTNNB1_3	50	45	77	100
EZH2_3__CTNNB1_4	80	83	117	118
EZH2_3__ETF1_1	61	63	25	38
EZH2_3__ETF1_2	73	94	57	76
EZH2_3__ETF1_3	19	32	33	40
EZH2_3__ETF1_4	54	51	66	101
EZH2_3__EZH2_1	51	46	52	76
EZH2_3__EZH2_2	69	72	109	138
EZH2_3__EZH2_3	78	64	133	139
EZH2_3__EZH2_4	50	47	92	102
EZH2_3__HSP90B1_1	105	101	132	139
EZH2_3__HSP90B1_2	89	81	101	124
EZH2_3__HSP90B1_3	50	40	46	61
EZH2_3__HSP90B1_4	36	18	48	61
EZH2_3__IGF1R_1	77	68	57	85
EZH2_3__IGF1R_2	97	66	114	146
EZH2_3__IGF1R_3	196	194	248	264
EZH2_3__IGF1R_4	35	35	34	42
EZH2_3__MAPK13_1	211	205	362	401
EZH2_3__MAPK13_2	71	68	68	123
EZH2_3__MAPK13_3	125	97	165	175
EZH2_3__MAPK13_4	59	54	78	96
EZH2_3__TRIB2_1	58	81	91	105
EZH2_3__TRIB2_2	42	38	82	84
EZH2_3__TRIB2_3	107	122	198	237
EZH2_3__TRIB2_4	65	68	94	116
EZH2_3__ULK1_1	41	44	67	63
EZH2_3__ULK1_2	57	60	71	92
EZH2_3__ULK1_3	45	38	60	64
EZH2_3__ULK1_4	86	83	109	138
EZH2_3__WNT5A_1	97	99	126	169
EZH2_3__WNT5A_2	107	125	139	179
EZH2_3__WNT5A_3	66	53	69	108
EZH2_3__WNT5A_4	91	82	118	161
EZH2_4__0Safe_safe_ACOC_204550.4522	32	34	51	68
EZH2_4__0Safe_safe_ACOC_204550.4525	94	97	149	204
EZH2_4__0Safe_safe_ACOC_204550.4590	112	116	203	233
EZH2_4__0Safe_safe_GE_204550.1561	77	54	88	114
EZH2_4__0Safe_safe_GE_204550.1743	47	53	81	101
EZH2_4__0Safe_safe_GE_204550.1816	31	33	59	64
EZH2_4__0Safe_safe_MP_204550.1197	38	35	79	90
EZH2_4__0Safe_safe_MP_204550.1296	26	30	70	84
EZH2_4__0Safe_safe_MP_204550.1323	113	79	190	226
EZH2_4__0Safe_safe_U3_204550.6027	26	30	52	55
EZH2_4__CDK2_1	131	106	136	139
EZH2_4__CDK2_2	71	69	124	134
EZH2_4__CDK2_3	76	88	115	179
EZH2_4__CDK2_4	136	136	211	258
EZH2_4__CTNNB1_1	62	53	83	112
EZH2_4__CTNNB1_2	37	50	97	110
EZH2_4__CTNNB1_3	50	55	102	164
EZH2_4__CTNNB1_4	66	77	140	192
EZH2_4__ETF1_1	62	55	27	52
EZH2_4__ETF1_2	68	93	69	93
EZH2_4__ETF1_3	29	34	41	65
EZH2_4__ETF1_4	77	66	120	149
EZH2_4__EZH2_1	69	63	96	109
EZH2_4__EZH2_2	78	105	174	195
EZH2_4__EZH2_3	94	99	165	221
EZH2_4__EZH2_4	73	76	116	168
EZH2_4__HSP90B1_1	103	105	155	182
EZH2_4__HSP90B1_2	101	99	158	144
EZH2_4__HSP90B1_3	57	46	89	105
EZH2_4__HSP90B1_4	28	30	42	51
EZH2_4__IGF1R_1	76	80	101	139
EZH2_4__IGF1R_2	73	74	144	178
EZH2_4__IGF1R_3	263	245	304	354
EZH2_4__IGF1R_4	51	28	36	69
EZH2_4__MAPK13_1	256	254	412	511
EZH2_4__MAPK13_2	62	74	139	134
EZH2_4__MAPK13_3	124	135	222	279
EZH2_4__MAPK13_4	60	78	91	113
EZH2_4__TRIB2_1	78	75	155	155
EZH2_4__TRIB2_2	55	60	77	104
EZH2_4__TRIB2_3	143	119	269	304
EZH2_4__TRIB2_4	76	90	163	213
EZH2_4__ULK1_1	41	42	93	92
EZH2_4__ULK1_2	58	70	111	133
EZH2_4__ULK1_3	39	52	63	98
EZH2_4__ULK1_4	101	85	171	214
EZH2_4__WNT5A_1	116	127	215	219
EZH2_4__WNT5A_2	117	112	221	288
EZH2_4__WNT5A_3	64	71	132	174
EZH2_4__WNT5A_4	75	87	144	184
HSP90B1_1__0Safe_safe_ACOC_204550.4522	26	42	34	61
HSP90B1_1__0Safe_safe_ACOC_204550.4525	90	92	111	129
HSP90B1_1__0Safe_safe_ACOC_204550.4590	141	119	172	207
HSP90B1_1__0Safe_safe_GE_204550.1561	49	60	73	70
HSP90B1_1__0Safe_safe_GE_204550.1743	49	61	73	68
HSP90B1_1__0Safe_safe_GE_204550.1816	33	44	43	52
HSP90B1_1__0Safe_safe_MP_204550.1197	52	56	97	84
HSP90B1_1__0Safe_safe_MP_204550.1296	26	32	25	41
HSP90B1_1__0Safe_safe_MP_204550.1323	94	102	152	172
HSP90B1_1__0Safe_safe_U3_204550.6027	36	26	33	42
HSP90B1_1__CDK2_1	129	150	112	123
HSP90B1_1__CDK2_2	103	83	94	101
HSP90B1_1__CDK2_3	99	92	99	129
HSP90B1_1__CDK2_4	149	146	174	201
HSP90B1_1__CTNNB1_1	68	63	96	89
HSP90B1_1__CTNNB1_2	60	49	76	112
HSP90B1_1__CTNNB1_3	60	60	102	97
HSP90B1_1__CTNNB1_4	109	97	128	154
HSP90B1_1__ETF1_1	76	58	29	58
HSP90B1_1__ETF1_2	101	79	70	69
HSP90B1_1__ETF1_3	25	32	30	51
HSP90B1_1__ETF1_4	80	79	117	135
HSP90B1_1__EZH2_1	44	57	67	96
HSP90B1_1__EZH2_2	83	108	132	167
HSP90B1_1__EZH2_3	115	110	134	165
HSP90B1_1__EZH2_4	68	75	100	107
HSP90B1_1__HSP90B1_1	129	135	125	161
HSP90B1_1__HSP90B1_2	133	121	134	121
HSP90B1_1__HSP90B1_3	55	51	98	104
HSP90B1_1__HSP90B1_4	37	26	30	44
HSP90B1_1__IGF1R_1	83	94	93	113
HSP90B1_1__IGF1R_2	99	103	125	135
HSP90B1_1__IGF1R_3	244	273	265	298
HSP90B1_1__IGF1R_4	37	43	34	47
HSP90B1_1__MAPK13_1	296	276	366	413
HSP90B1_1__MAPK13_2	109	81	94	122
HSP90B1_1__MAPK13_3	138	139	192	214
HSP90B1_1__MAPK13_4	66	70	96	100
HSP90B1_1__TRIB2_1	81	100	106	116
HSP90B1_1__TRIB2_2	61	65	104	106
HSP90B1_1__TRIB2_3	138	152	193	227
HSP90B1_1__TRIB2_4	81	80	106	131
HSP90B1_1__ULK1_1	47	48	72	73
HSP90B1_1__ULK1_2	70	86	67	92
HSP90B1_1__ULK1_3	66	49	50	69
HSP90B1_1__ULK1_4	141	122	152	193
HSP90B1_1__WNT5A_1	134	115	130	177
HSP90B1_1__WNT5A_2	115	104	146	177
HSP90B1_1__WNT5A_3	97	76	117	137
HSP90B1_1__WNT5A_4	84	92	121	168
HSP90B1_2__0Safe_safe_ACOC_204550.4522	60	63	85	93
HSP90B1_2__0Safe_safe_ACOC_204550.4525	185	189	167	207
HSP90B1_2__0Safe_safe_ACOC_204550.4590	229	235	257	305
HSP90B1_2__0Safe_safe_GE_204550.1561	111	148	140	164
HSP90B1_2__0Safe_safe_GE_204550.1743	105	104	112	117
HSP90B1_2__0Safe_safe_GE_204550.1816	69	66	68	64
HSP90B1_2__0Safe_safe_MP_204550.1197	66	81	81	93
HSP90B1_2__0Safe_safe_MP_204550.1296	47	44	66	60
HSP90B1_2__0Safe_safe_MP_204550.1323	210	186	254	291
HSP90B1_2__0Safe_safe_U3_204550.6027	48	39	37	46
HSP90B1_2__CDK2_1	228	265	182	197
HSP90B1_2__CDK2_2	183	171	144	181
HSP90B1_2__CDK2_3	163	153	169	187
HSP90B1_2__CDK2_4	328	330	322	394
HSP90B1_2__CTNNB1_1	98	96	120	147
HSP90B1_2__CTNNB1_2	113	96	136	142
HSP90B1_2__CTNNB1_3	118	105	134	179
HSP90B1_2__CTNNB1_4	185	167	240	297
HSP90B1_2__ETF1_1	124	138	55	68
HSP90B1_2__ETF1_2	184	215	106	134
HSP90B1_2__ETF1_3	55	48	54	54
HSP90B1_2__ETF1_4	134	120	135	189
HSP90B1_2__EZH2_1	109	122	149	166
HSP90B1_2__EZH2_2	181	197	200	238
HSP90B1_2__EZH2_3	225	193	203	251
HSP90B1_2__EZH2_4	120	144	158	193
HSP90B1_2__HSP90B1_1	225	180	195	227
HSP90B1_2__HSP90B1_2	225	191	199	220
HSP90B1_2__HSP90B1_3	112	111	125	133
HSP90B1_2__HSP90B1_4	68	54	65	95
HSP90B1_2__IGF1R_1	163	163	138	169
HSP90B1_2__IGF1R_2	184	176	186	221
HSP90B1_2__IGF1R_3	468	436	401	411
HSP90B1_2__IGF1R_4	56	71	58	69
HSP90B1_2__MAPK13_1	540	536	567	691
HSP90B1_2__MAPK13_2	174	150	180	184
HSP90B1_2__MAPK13_3	273	272	335	401
HSP90B1_2__MAPK13_4	118	126	121	170
HSP90B1_2__TRIB2_1	159	143	170	220
HSP90B1_2__TRIB2_2	115	128	139	178
HSP90B1_2__TRIB2_3	284	267	350	424
HSP90B1_2__TRIB2_4	161	182	170	214
HSP90B1_2__ULK1_1	70	84	94	91
HSP90B1_2__ULK1_2	161	138	142	175
HSP90B1_2__ULK1_3	92	102	80	128
HSP90B1_2__ULK1_4	219	237	211	291
HSP90B1_2__WNT5A_1	230	233	244	311
HSP90B1_2__WNT5A_2	246	230	256	311
HSP90B1_2__WNT5A_3	158	178	203	205
HSP90B1_2__WNT5A_4	166	177	205	233
HSP90B1_3__0Safe_safe_ACOC_204550.4522	20	19	35	43
HSP90B1_3__0Safe_safe_ACOC_204550.4525	62	57	86	114
HSP90B1_3__0Safe_safe_ACOC_204550.4590	85	78	125	140
HSP90B1_3__0Safe_safe_GE_204550.1561	28	28	40	49
HSP90B1_3__0Safe_safe_GE_204550.1743	31	43	56	69
HSP90B1_3__0Safe_safe_GE_204550.1816	13	12	31	37
HSP90B1_3__0Safe_safe_MP_204550.1197	22	18	36	31
HSP90B1_3__0Safe_safe_MP_204550.1296	15	12	18	23
HSP90B1_3__0Safe_safe_MP_204550.1323	71	55	97	100
HSP90B1_3__0Safe_safe_U3_204550.6027	11	10	21	19
HSP90B1_3__CDK2_1	83	71	69	68
HSP90B1_3__CDK2_2	48	52	64	58
HSP90B1_3__CDK2_3	51	67	45	58
HSP90B1_3__CDK2_4	118	105	142	148
HSP90B1_3__CTNNB1_1	38	23	46	52
HSP90B1_3__CTNNB1_2	27	29	53	79
HSP90B1_3__CTNNB1_3	35	28	62	68
HSP90B1_3__CTNNB1_4	49	61	79	96
HSP90B1_3__ETF1_1	41	42	18	21
HSP90B1_3__ETF1_2	53	45	27	41
HSP90B1_3__ETF1_3	16	14	17	30
HSP90B1_3__ETF1_4	48	37	62	94
HSP90B1_3__EZH2_1	41	35	69	69
HSP90B1_3__EZH2_2	52	48	82	92
HSP90B1_3__EZH2_3	73	67	83	105
HSP90B1_3__EZH2_4	45	46	80	89
HSP90B1_3__HSP90B1_1	43	65	72	95
HSP90B1_3__HSP90B1_2	62	68	75	78
HSP90B1_3__HSP90B1_3	19	35	33	68
HSP90B1_3__HSP90B1_4	24	19	25	26
HSP90B1_3__IGF1R_1	41	41	47	52
HSP90B1_3__IGF1R_2	66	40	74	97
HSP90B1_3__IGF1R_3	133	137	170	225
HSP90B1_3__IGF1R_4	26	26	17	23
HSP90B1_3__MAPK13_1	135	147	210	248
HSP90B1_3__MAPK13_2	49	49	64	71
HSP90B1_3__MAPK13_3	101	92	126	171
HSP90B1_3__MAPK13_4	29	43	54	68
HSP90B1_3__TRIB2_1	41	47	70	73
HSP90B1_3__TRIB2_2	37	29	55	64
HSP90B1_3__TRIB2_3	76	80	124	159
HSP90B1_3__TRIB2_4	53	54	54	87
HSP90B1_3__ULK1_1	28	24	27	37
HSP90B1_3__ULK1_2	62	35	55	82
HSP90B1_3__ULK1_3	40	26	32	65
HSP90B1_3__ULK1_4	49	66	78	99
HSP90B1_3__WNT5A_1	74	89	99	107
HSP90B1_3__WNT5A_2	72	66	106	116
HSP90B1_3__WNT5A_3	42	52	73	92
HSP90B1_3__WNT5A_4	56	62	86	129
HSP90B1_4__0Safe_safe_ACOC_204550.4522	13	15	16	23
HSP90B1_4__0Safe_safe_ACOC_204550.4525	27	29	47	54
HSP90B1_4__0Safe_safe_ACOC_204550.4590	40	43	60	60
HSP90B1_4__0Safe_safe_GE_204550.1561	18	14	25	27
HSP90B1_4__0Safe_safe_GE_204550.1743	12	16	27	20
HSP90B1_4__0Safe_safe_GE_204550.1816	10	8	8	14
HSP90B1_4__0Safe_safe_MP_204550.1197	9	14	18	29
HSP90B1_4__0Safe_safe_MP_204550.1296	16	7	30	19
HSP90B1_4__0Safe_safe_MP_204550.1323	43	32	52	62
HSP90B1_4__0Safe_safe_U3_204550.6027	2	7	7	13
HSP90B1_4__CDK2_1	35	36	32	41
HSP90B1_4__CDK2_2	23	34	34	40
HSP90B1_4__CDK2_3	26	29	33	36
HSP90B1_4__CDK2_4	46	52	101	73
HSP90B1_4__CTNNB1_1	17	16	36	37
HSP90B1_4__CTNNB1_2	13	19	28	25
HSP90B1_4__CTNNB1_3	19	20	21	45
HSP90B1_4__CTNNB1_4	27	17	46	44
HSP90B1_4__ETF1_1	19	20	15	22
HSP90B1_4__ETF1_2	38	25	19	25
HSP90B1_4__ETF1_3	7	8	12	9
HSP90B1_4__ETF1_4	30	16	31	34
HSP90B1_4__EZH2_1	12	27	25	48
HSP90B1_4__EZH2_2	22	38	46	60
HSP90B1_4__EZH2_3	43	42	52	84
HSP90B1_4__EZH2_4	16	20	38	50
HSP90B1_4__HSP90B1_1	39	37	39	47
HSP90B1_4__HSP90B1_2	36	31	39	51
HSP90B1_4__HSP90B1_3	15	29	24	28
HSP90B1_4__HSP90B1_4	10	7	16	28
HSP90B1_4__IGF1R_1	26	31	26	40
HSP90B1_4__IGF1R_2	25	39	35	45
HSP90B1_4__IGF1R_3	82	76	79	94
HSP90B1_4__IGF1R_4	6	15	12	14
HSP90B1_4__MAPK13_1	80	84	109	146
HSP90B1_4__MAPK13_2	40	32	53	58
HSP90B1_4__MAPK13_3	51	40	70	83
HSP90B1_4__MAPK13_4	26	20	26	44
HSP90B1_4__TRIB2_1	19	18	54	58
HSP90B1_4__TRIB2_2	24	18	32	31
HSP90B1_4__TRIB2_3	51	55	68	86
HSP90B1_4__TRIB2_4	35	39	33	34
HSP90B1_4__ULK1_1	14	14	28	23
HSP90B1_4__ULK1_2	29	25	18	32
HSP90B1_4__ULK1_3	15	13	16	25
HSP90B1_4__ULK1_4	39	32	36	49
HSP90B1_4__WNT5A_1	42	58	65	70
HSP90B1_4__WNT5A_2	35	46	72	85
HSP90B1_4__WNT5A_3	24	31	43	44
HSP90B1_4__WNT5A_4	34	36	53	62
IGF1R_1__0Safe_safe_ACOC_204550.4522	58	54	82	117
IGF1R_1__0Safe_safe_ACOC_204550.4525	142	138	170	214
IGF1R_1__0Safe_safe_ACOC_204550.4590	219	199	300	339
IGF1R_1__0Safe_safe_GE_204550.1561	98	110	153	156
IGF1R_1__0Safe_safe_GE_204550.1743	87	92	121	145
IGF1R_1__0Safe_safe_GE_204550.1816	49	54	70	92
IGF1R_1__0Safe_safe_MP_204550.1197	72	56	98	126
IGF1R_1__0Safe_safe_MP_204550.1296	41	52	67	74
IGF1R_1__0Safe_safe_MP_204550.1323	163	172	273	268
IGF1R_1__0Safe_safe_U3_204550.6027	44	33	50	59
IGF1R_1__CDK2_1	224	203	178	214
IGF1R_1__CDK2_2	151	167	187	181
IGF1R_1__CDK2_3	153	162	186	223
IGF1R_1__CDK2_4	294	283	301	412
IGF1R_1__CTNNB1_1	84	92	144	154
IGF1R_1__CTNNB1_2	110	77	154	176
IGF1R_1__CTNNB1_3	112	113	140	181
IGF1R_1__CTNNB1_4	182	160	233	274
IGF1R_1__ETF1_1	104	120	57	74
IGF1R_1__ETF1_2	160	168	102	115
IGF1R_1__ETF1_3	51	50	69	117
IGF1R_1__ETF1_4	109	103	176	174
IGF1R_1__EZH2_1	108	124	166	155
IGF1R_1__EZH2_2	159	187	233	252
IGF1R_1__EZH2_3	186	191	220	261
IGF1R_1__EZH2_4	134	114	170	207
IGF1R_1__HSP90B1_1	187	217	217	249
IGF1R_1__HSP90B1_2	210	194	182	261
IGF1R_1__HSP90B1_3	89	106	119	166
IGF1R_1__HSP90B1_4	64	48	74	100
IGF1R_1__IGF1R_1	156	150	144	169
IGF1R_1__IGF1R_2	131	148	202	233
IGF1R_1__IGF1R_3	450	452	473	519
IGF1R_1__IGF1R_4	69	71	57	100
IGF1R_1__MAPK13_1	454	501	648	749
IGF1R_1__MAPK13_2	139	157	177	188
IGF1R_1__MAPK13_3	216	225	413	361
IGF1R_1__MAPK13_4	132	113	165	205
IGF1R_1__TRIB2_1	140	141	185	208
IGF1R_1__TRIB2_2	99	104	157	176
IGF1R_1__TRIB2_3	205	199	343	405
IGF1R_1__TRIB2_4	151	168	206	261
IGF1R_1__ULK1_1	87	73	107	101
IGF1R_1__ULK1_2	116	132	143	193
IGF1R_1__ULK1_3	98	82	110	127
IGF1R_1__ULK1_4	180	184	234	233
IGF1R_1__WNT5A_1	242	237	237	374
IGF1R_1__WNT5A_2	200	198	272	337
IGF1R_1__WNT5A_3	136	146	211	316
IGF1R_1__WNT5A_4	166	170	230	277
IGF1R_2__0Safe_safe_ACOC_204550.4522	40	24	40	49
IGF1R_2__0Safe_safe_ACOC_204550.4525	89	89	99	126
IGF1R_2__0Safe_safe_ACOC_204550.4590	103	115	133	204
IGF1R_2__0Safe_safe_GE_204550.1561	50	65	74	67
IGF1R_2__0Safe_safe_GE_204550.1743	51	37	44	40
IGF1R_2__0Safe_safe_GE_204550.1816	29	14	36	42
IGF1R_2__0Safe_safe_MP_204550.1197	30	26	39	49
IGF1R_2__0Safe_safe_MP_204550.1296	19	14	43	37
IGF1R_2__0Safe_safe_MP_204550.1323	80	99	114	169
IGF1R_2__0Safe_safe_U3_204550.6027	21	18	28	47
IGF1R_2__CDK2_1	103	105	74	100
IGF1R_2__CDK2_2	80	99	83	81
IGF1R_2__CDK2_3	93	84	71	96
IGF1R_2__CDK2_4	143	126	126	159
IGF1R_2__CTNNB1_1	36	65	83	86
IGF1R_2__CTNNB1_2	37	49	55	83
IGF1R_2__CTNNB1_3	55	58	68	97
IGF1R_2__CTNNB1_4	79	92	85	116
IGF1R_2__ETF1_1	53	49	24	34
IGF1R_2__ETF1_2	77	85	62	64
IGF1R_2__ETF1_3	21	32	34	50
IGF1R_2__ETF1_4	60	56	87	105
IGF1R_2__EZH2_1	53	61	66	73
IGF1R_2__EZH2_2	77	102	119	124
IGF1R_2__EZH2_3	100	102	103	174
IGF1R_2__EZH2_4	65	70	81	103
IGF1R_2__HSP90B1_1	95	106	95	127
IGF1R_2__HSP90B1_2	87	88	119	140
IGF1R_2__HSP90B1_3	49	56	64	83
IGF1R_2__HSP90B1_4	25	25	43	53
IGF1R_2__IGF1R_1	66	77	78	69
IGF1R_2__IGF1R_2	88	92	98	121
IGF1R_2__IGF1R_3	212	203	186	266
IGF1R_2__IGF1R_4	35	37	26	32
IGF1R_2__MAPK13_1	227	228	263	356
IGF1R_2__MAPK13_2	67	67	78	135
IGF1R_2__MAPK13_3	107	119	189	220
IGF1R_2__MAPK13_4	66	66	75	79
IGF1R_2__TRIB2_1	61	71	93	127
IGF1R_2__TRIB2_2	43	50	80	62
IGF1R_2__TRIB2_3	111	125	150	184
IGF1R_2__TRIB2_4	73	73	78	137
IGF1R_2__ULK1_1	31	37	35	56
IGF1R_2__ULK1_2	75	50	58	85
IGF1R_2__ULK1_3	54	49	46	77
IGF1R_2__ULK1_4	109	91	110	136
IGF1R_2__WNT5A_1	108	100	142	133
IGF1R_2__WNT5A_2	124	113	130	183
IGF1R_2__WNT5A_3	69	69	94	126
IGF1R_2__WNT5A_4	82	82	106	143
IGF1R_3__0Safe_safe_ACOC_204550.4522	20	22	30	33
IGF1R_3__0Safe_safe_ACOC_204550.4525	52	53	47	83
IGF1R_3__0Safe_safe_ACOC_204550.4590	52	71	74	116
IGF1R_3__0Safe_safe_GE_204550.1561	30	32	35	47
IGF1R_3__0Safe_safe_GE_204550.1743	26	27	37	49
IGF1R_3__0Safe_safe_GE_204550.1816	11	21	27	33
IGF1R_3__0Safe_safe_MP_204550.1197	25	22	35	27
IGF1R_3__0Safe_safe_MP_204550.1296	13	12	14	26
IGF1R_3__0Safe_safe_MP_204550.1323	44	51	68	98
IGF1R_3__0Safe_safe_U3_204550.6027	16	14	23	21
IGF1R_3__CDK2_1	63	57	40	47
IGF1R_3__CDK2_2	51	32	37	38
IGF1R_3__CDK2_3	50	41	37	68
IGF1R_3__CDK2_4	98	93	103	122
IGF1R_3__CTNNB1_1	25	25	38	32
IGF1R_3__CTNNB1_2	22	29	45	37
IGF1R_3__CTNNB1_3	35	31	46	56
IGF1R_3__CTNNB1_4	49	45	59	65
IGF1R_3__ETF1_1	37	37	16	14
IGF1R_3__ETF1_2	49	49	32	31
IGF1R_3__ETF1_3	25	17	12	25
IGF1R_3__ETF1_4	27	39	35	49
IGF1R_3__EZH2_1	32	37	43	34
IGF1R_3__EZH2_2	51	30	44	62
IGF1R_3__EZH2_3	44	57	57	66
IGF1R_3__EZH2_4	32	18	43	40
IGF1R_3__HSP90B1_1	56	43	71	60
IGF1R_3__HSP90B1_2	71	60	53	52
IGF1R_3__HSP90B1_3	13	34	34	37
IGF1R_3__HSP90B1_4	10	13	17	15
IGF1R_3__IGF1R_1	38	42	40	46
IGF1R_3__IGF1R_2	51	46	39	63
IGF1R_3__IGF1R_3	145	149	126	156
IGF1R_3__IGF1R_4	32	24	25	41
IGF1R_3__MAPK13_1	140	158	154	178
IGF1R_3__MAPK13_2	37	45	55	57
IGF1R_3__MAPK13_3	78	67	91	90
IGF1R_3__MAPK13_4	34	34	37	64
IGF1R_3__TRIB2_1	32	43	55	53
IGF1R_3__TRIB2_2	31	26	29	43
IGF1R_3__TRIB2_3	60	71	64	82
IGF1R_3__TRIB2_4	52	55	70	88
IGF1R_3__ULK1_1	21	21	28	20
IGF1R_3__ULK1_2	63	44	49	56
IGF1R_3__ULK1_3	24	28	23	24
IGF1R_3__ULK1_4	66	62	49	63
IGF1R_3__WNT5A_1	65	55	76	92
IGF1R_3__WNT5A_2	53	75	83	83
IGF1R_3__WNT5A_3	36	38	50	46
IGF1R_3__WNT5A_4	53	46	65	74
IGF1R_4__0Safe_safe_ACOC_204550.4522	22	25	32	35
IGF1R_4__0Safe_safe_ACOC_204550.4525	63	64	61	68
IGF1R_4__0Safe_safe_ACOC_204550.4590	74	79	83	103
IGF1R_4__0Safe_safe_GE_204550.1561	43	42	46	39
IGF1R_4__0Safe_safe_GE_204550.1743	38	22	48	39
IGF1R_4__0Safe_safe_GE_204550.1816	20	27	30	22
IGF1R_4__0Safe_safe_MP_204550.1197	25	31	42	38
IGF1R_4__0Safe_safe_MP_204550.1296	20	24	29	36
IGF1R_4__0Safe_safe_MP_204550.1323	60	65	85	93
IGF1R_4__0Safe_safe_U3_204550.6027	11	11	13	14
IGF1R_4__CDK2_1	72	61	59	72
IGF1R_4__CDK2_2	72	59	47	65
IGF1R_4__CDK2_3	59	64	62	63
IGF1R_4__CDK2_4	122	107	98	116
IGF1R_4__CTNNB1_1	42	42	35	51
IGF1R_4__CTNNB1_2	45	31	49	67
IGF1R_4__CTNNB1_3	41	36	49	45
IGF1R_4__CTNNB1_4	75	80	68	109
IGF1R_4__ETF1_1	52	45	17	24
IGF1R_4__ETF1_2	68	65	38	47
IGF1R_4__ETF1_3	21	21	11	16
IGF1R_4__ETF1_4	52	49	57	66
IGF1R_4__EZH2_1	51	26	44	60
IGF1R_4__EZH2_2	73	46	61	71
IGF1R_4__EZH2_3	94	71	81	103
IGF1R_4__EZH2_4	42	56	65	79
IGF1R_4__HSP90B1_1	72	77	53	66
IGF1R_4__HSP90B1_2	81	85	65	89
IGF1R_4__HSP90B1_3	38	36	34	44
IGF1R_4__HSP90B1_4	20	18	14	16
IGF1R_4__IGF1R_1	53	60	47	36
IGF1R_4__IGF1R_2	67	52	55	91
IGF1R_4__IGF1R_3	150	158	145	145
IGF1R_4__IGF1R_4	27	10	29	23
IGF1R_4__MAPK13_1	160	183	203	237
IGF1R_4__MAPK13_2	62	46	61	47
IGF1R_4__MAPK13_3	97	89	123	118
IGF1R_4__MAPK13_4	57	43	51	34
IGF1R_4__TRIB2_1	40	34	60	62
IGF1R_4__TRIB2_2	42	35	60	56
IGF1R_4__TRIB2_3	106	109	120	148
IGF1R_4__TRIB2_4	52	67	69	57
IGF1R_4__ULK1_1	40	24	39	30
IGF1R_4__ULK1_2	44	43	43	48
IGF1R_4__ULK1_3	38	41	31	39
IGF1R_4__ULK1_4	67	68	73	102
IGF1R_4__WNT5A_1	76	71	83	95
IGF1R_4__WNT5A_2	68	66	91	100
IGF1R_4__WNT5A_3	60	73	71	78
IGF1R_4__WNT5A_4	57	58	76	78
MAPK13_1__0Safe_safe_ACOC_204550.4522	33	46	54	58
MAPK13_1__0Safe_safe_ACOC_204550.4525	99	103	134	141
MAPK13_1__0Safe_safe_ACOC_204550.4590	125	125	200	234
MAPK13_1__0Safe_safe_GE_204550.1561	54	60	99	127
MAPK13_1__0Safe_safe_GE_204550.1743	55	42	86	94
MAPK13_1__0Safe_safe_GE_204550.1816	38	37	57	48
MAPK13_1__0Safe_safe_MP_204550.1197	30	41	68	112
MAPK13_1__0Safe_safe_MP_204550.1296	25	22	40	42
MAPK13_1__0Safe_safe_MP_204550.1323	89	111	143	157
MAPK13_1__0Safe_safe_U3_204550.6027	25	17	34	33
MAPK13_1__CDK2_1	97	116	99	140
MAPK13_1__CDK2_2	81	97	107	120
MAPK13_1__CDK2_3	78	83	108	122
MAPK13_1__CDK2_4	175	159	240	296
MAPK13_1__CTNNB1_1	56	67	77	111
MAPK13_1__CTNNB1_2	46	43	93	89
MAPK13_1__CTNNB1_3	51	65	94	116
MAPK13_1__CTNNB1_4	107	88	146	190
MAPK13_1__ETF1_1	58	63	36	47
MAPK13_1__ETF1_2	89	87	82	62
MAPK13_1__ETF1_3	39	24	36	40
MAPK13_1__ETF1_4	69	57	111	116
MAPK13_1__EZH2_1	51	60	68	105
MAPK13_1__EZH2_2	101	96	174	156
MAPK13_1__EZH2_3	131	118	142	153
MAPK13_1__EZH2_4	62	64	92	139
MAPK13_1__HSP90B1_1	107	114	133	182
MAPK13_1__HSP90B1_2	116	123	114	142
MAPK13_1__HSP90B1_3	72	73	88	105
MAPK13_1__HSP90B1_4	24	28	50	58
MAPK13_1__IGF1R_1	82	80	84	103
MAPK13_1__IGF1R_2	89	76	96	157
MAPK13_1__IGF1R_3	270	237	278	317
MAPK13_1__IGF1R_4	44	44	40	31
MAPK13_1__MAPK13_1	322	278	399	519
MAPK13_1__MAPK13_2	68	66	113	148
MAPK13_1__MAPK13_3	110	118	182	216
MAPK13_1__MAPK13_4	61	61	88	133
MAPK13_1__TRIB2_1	88	70	105	148
MAPK13_1__TRIB2_2	76	72	109	112
MAPK13_1__TRIB2_3	99	135	228	259
MAPK13_1__TRIB2_4	93	88	139	167
MAPK13_1__ULK1_1	40	38	59	51
MAPK13_1__ULK1_2	62	60	89	101
MAPK13_1__ULK1_3	53	63	50	71
MAPK13_1__ULK1_4	95	101	144	170
MAPK13_1__WNT5A_1	123	114	153	170
MAPK13_1__WNT5A_2	111	116	170	208
MAPK13_1__WNT5A_3	66	59	105	133
MAPK13_1__WNT5A_4	109	105	174	253
MAPK13_2__0Safe_safe_ACOC_204550.4522	56	46	72	107
MAPK13_2__0Safe_safe_ACOC_204550.4525	106	138	178	206
MAPK13_2__0Safe_safe_ACOC_204550.4590	155	157	217	302
MAPK13_2__0Safe_safe_GE_204550.1561	70	100	120	167
MAPK13_2__0Safe_safe_GE_204550.1743	52	58	101	102
MAPK13_2__0Safe_safe_GE_204550.1816	54	41	65	67
MAPK13_2__0Safe_safe_MP_204550.1197	46	61	92	98
MAPK13_2__0Safe_safe_MP_204550.1296	35	39	60	61
MAPK13_2__0Safe_safe_MP_204550.1323	128	139	237	257
MAPK13_2__0Safe_safe_U3_204550.6027	34	29	59	55
MAPK13_2__CDK2_1	164	141	162	178
MAPK13_2__CDK2_2	130	131	153	163
MAPK13_2__CDK2_3	124	149	180	202
MAPK13_2__CDK2_4	203	192	296	287
MAPK13_2__CTNNB1_1	71	80	129	139
MAPK13_2__CTNNB1_2	84	82	124	180
MAPK13_2__CTNNB1_3	70	76	151	179
MAPK13_2__CTNNB1_4	113	119	176	217
MAPK13_2__ETF1_1	85	90	55	59
MAPK13_2__ETF1_2	105	127	104	119
MAPK13_2__ETF1_3	42	34	63	65
MAPK13_2__ETF1_4	91	105	139	216
MAPK13_2__EZH2_1	82	76	113	144
MAPK13_2__EZH2_2	109	120	182	224
MAPK13_2__EZH2_3	136	135	227	234
MAPK13_2__EZH2_4	82	94	163	173
MAPK13_2__HSP90B1_1	143	145	196	221
MAPK13_2__HSP90B1_2	169	150	165	239
MAPK13_2__HSP90B1_3	71	63	115	130
MAPK13_2__HSP90B1_4	46	53	64	90
MAPK13_2__IGF1R_1	97	98	114	103
MAPK13_2__IGF1R_2	124	99	172	199
MAPK13_2__IGF1R_3	335	336	354	446
MAPK13_2__IGF1R_4	43	52	40	68
MAPK13_2__MAPK13_1	344	355	513	632
MAPK13_2__MAPK13_2	126	137	172	201
MAPK13_2__MAPK13_3	151	181	311	393
MAPK13_2__MAPK13_4	87	86	147	180
MAPK13_2__TRIB2_1	104	107	179	198
MAPK13_2__TRIB2_2	80	70	146	128
MAPK13_2__TRIB2_3	171	209	297	383
MAPK13_2__TRIB2_4	114	120	179	228
MAPK13_2__ULK1_1	47	51	76	99
MAPK13_2__ULK1_2	98	88	133	140
MAPK13_2__ULK1_3	64	76	75	105
MAPK13_2__ULK1_4	171	159	224	281
MAPK13_2__WNT5A_1	126	161	223	271
MAPK13_2__WNT5A_2	155	179	280	316
MAPK13_2__WNT5A_3	110	125	148	197
MAPK13_2__WNT5A_4	159	143	222	273
MAPK13_3__0Safe_safe_ACOC_204550.4522	44	44	102	100
MAPK13_3__0Safe_safe_ACOC_204550.4525	146	142	239	290
MAPK13_3__0Safe_safe_ACOC_204550.4590	183	223	312	393
MAPK13_3__0Safe_safe_GE_204550.1561	76	74	146	169
MAPK13_3__0Safe_safe_GE_204550.1743	77	63	153	175
MAPK13_3__0Safe_safe_GE_204550.1816	48	36	65	101
MAPK13_3__0Safe_safe_MP_204550.1197	56	70	128	127
MAPK13_3__0Safe_safe_MP_204550.1296	37	30	81	81
MAPK13_3__0Safe_safe_MP_204550.1323	158	173	330	404
MAPK13_3__0Safe_safe_U3_204550.6027	19	31	47	53
MAPK13_3__CDK2_1	191	179	214	250
MAPK13_3__CDK2_2	126	141	198	176
MAPK13_3__CDK2_3	135	130	184	247
MAPK13_3__CDK2_4	242	262	314	409
MAPK13_3__CTNNB1_1	97	73	156	193
MAPK13_3__CTNNB1_2	83	89	155	209
MAPK13_3__CTNNB1_3	93	92	164	225
MAPK13_3__CTNNB1_4	134	135	247	295
MAPK13_3__ETF1_1	106	104	72	95
MAPK13_3__ETF1_2	145	150	120	143
MAPK13_3__ETF1_3	43	38	65	93
MAPK13_3__ETF1_4	114	96	150	246
MAPK13_3__EZH2_1	86	78	140	159
MAPK13_3__EZH2_2	133	157	261	302
MAPK13_3__EZH2_3	151	154	270	338
MAPK13_3__EZH2_4	110	78	198	251
MAPK13_3__HSP90B1_1	158	154	235	272
MAPK13_3__HSP90B1_2	182	181	232	256
MAPK13_3__HSP90B1_3	97	88	165	220
MAPK13_3__HSP90B1_4	46	44	86	96
MAPK13_3__IGF1R_1	138	144	177	252
MAPK13_3__IGF1R_2	142	154	207	302
MAPK13_3__IGF1R_3	407	374	489	563
MAPK13_3__IGF1R_4	60	55	67	95
MAPK13_3__MAPK13_1	439	384	649	813
MAPK13_3__MAPK13_2	145	125	202	258
MAPK13_3__MAPK13_3	222	236	368	446
MAPK13_3__MAPK13_4	106	90	175	201
MAPK13_3__TRIB2_1	122	131	239	260
MAPK13_3__TRIB2_2	76	86	166	202
MAPK13_3__TRIB2_3	187	192	358	526
MAPK13_3__TRIB2_4	117	140	229	253
MAPK13_3__ULK1_1	69	63	115	150
MAPK13_3__ULK1_2	91	116	142	187
MAPK13_3__ULK1_3	92	75	120	126
MAPK13_3__ULK1_4	156	154	265	310
MAPK13_3__WNT5A_1	195	163	251	322
MAPK13_3__WNT5A_2	204	222	328	358
MAPK13_3__WNT5A_3	126	146	252	301
MAPK13_3__WNT5A_4	135	127	270	307
MAPK13_4__0Safe_safe_ACOC_204550.4522	30	21	39	41
MAPK13_4__0Safe_safe_ACOC_204550.4525	67	80	99	100
MAPK13_4__0Safe_safe_ACOC_204550.4590	106	98	136	157
MAPK13_4__0Safe_safe_GE_204550.1561	42	43	42	63
MAPK13_4__0Safe_safe_GE_204550.1743	41	42	74	70
MAPK13_4__0Safe_safe_GE_204550.1816	20	23	42	53
MAPK13_4__0Safe_safe_MP_204550.1197	38	30	50	40
MAPK13_4__0Safe_safe_MP_204550.1296	14	20	28	37
MAPK13_4__0Safe_safe_MP_204550.1323	70	77	109	137
MAPK13_4__0Safe_safe_U3_204550.6027	13	19	27	29
MAPK13_4__CDK2_1	87	78	84	91
MAPK13_4__CDK2_2	68	65	71	91
MAPK13_4__CDK2_3	69	59	80	87
MAPK13_4__CDK2_4	110	105	159	164
MAPK13_4__CTNNB1_1	33	44	58	47
MAPK13_4__CTNNB1_2	48	44	68	88
MAPK13_4__CTNNB1_3	73	50	69	93
MAPK13_4__CTNNB1_4	71	59	94	125
MAPK13_4__ETF1_1	53	38	30	31
MAPK13_4__ETF1_2	66	73	57	58
MAPK13_4__ETF1_3	28	22	38	37
MAPK13_4__ETF1_4	40	80	88	102
MAPK13_4__EZH2_1	54	33	65	72
MAPK13_4__EZH2_2	67	56	84	107
MAPK13_4__EZH2_3	69	80	98	125
MAPK13_4__EZH2_4	54	56	83	112
MAPK13_4__HSP90B1_1	73	83	99	139
MAPK13_4__HSP90B1_2	99	74	99	143
MAPK13_4__HSP90B1_3	40	41	57	41
MAPK13_4__HSP90B1_4	17	31	34	49
MAPK13_4__IGF1R_1	64	59	57	82
MAPK13_4__IGF1R_2	74	69	88	118
MAPK13_4__IGF1R_3	206	184	198	232
MAPK13_4__IGF1R_4	33	38	33	24
MAPK13_4__MAPK13_1	183	168	261	303
MAPK13_4__MAPK13_2	74	65	82	111
MAPK13_4__MAPK13_3	110	92	160	197
MAPK13_4__MAPK13_4	67	51	70	73
MAPK13_4__TRIB2_1	58	59	96	136
MAPK13_4__TRIB2_2	48	46	41	63
MAPK13_4__TRIB2_3	103	125	182	260
MAPK13_4__TRIB2_4	54	71	80	85
MAPK13_4__ULK1_1	27	27	51	45
MAPK13_4__ULK1_2	49	55	73	84
MAPK13_4__ULK1_3	42	35	45	43
MAPK13_4__ULK1_4	68	74	87	150
MAPK13_4__WNT5A_1	93	87	128	133
MAPK13_4__WNT5A_2	95	106	124	155
MAPK13_4__WNT5A_3	60	59	89	120
MAPK13_4__WNT5A_4	63	60	97	113
TRIB2_1__0Safe_safe_ACOC_204550.4522	39	52	100	111
TRIB2_1__0Safe_safe_ACOC_204550.4525	145	142	256	268
TRIB2_1__0Safe_safe_ACOC_204550.4590	213	213	375	408
TRIB2_1__0Safe_safe_GE_204550.1561	80	71	150	144
TRIB2_1__0Safe_safe_GE_204550.1743	75	81	157	159
TRIB2_1__0Safe_safe_GE_204550.1816	47	44	55	96
TRIB2_1__0Safe_safe_MP_204550.1197	64	57	85	139
TRIB2_1__0Safe_safe_MP_204550.1296	31	36	70	91
TRIB2_1__0Safe_safe_MP_204550.1323	154	129	284	317
TRIB2_1__0Safe_safe_U3_204550.6027	27	36	51	60
TRIB2_1__CDK2_1	186	194	158	215
TRIB2_1__CDK2_2	116	134	189	189
TRIB2_1__CDK2_3	125	141	188	246
TRIB2_1__CDK2_4	238	241	329	427
TRIB2_1__CTNNB1_1	86	77	179	200
TRIB2_1__CTNNB1_2	91	72	171	218
TRIB2_1__CTNNB1_3	92	82	164	205
TRIB2_1__CTNNB1_4	121	148	223	332
TRIB2_1__ETF1_1	83	104	54	66
TRIB2_1__ETF1_2	139	131	102	141
TRIB2_1__ETF1_3	46	51	81	111
TRIB2_1__ETF1_4	112	103	212	219
TRIB2_1__EZH2_1	97	99	154	208
TRIB2_1__EZH2_2	110	123	200	239
TRIB2_1__EZH2_3	161	143	252	258
TRIB2_1__EZH2_4	87	107	213	266
TRIB2_1__HSP90B1_1	156	164	201	266
TRIB2_1__HSP90B1_2	183	152	216	232
TRIB2_1__HSP90B1_3	65	76	124	150
TRIB2_1__HSP90B1_4	43	49	81	96
TRIB2_1__IGF1R_1	124	106	152	183
TRIB2_1__IGF1R_2	154	125	246	290
TRIB2_1__IGF1R_3	379	386	475	563
TRIB2_1__IGF1R_4	55	56	66	82
TRIB2_1__MAPK13_1	394	408	678	877
TRIB2_1__MAPK13_2	136	124	217	262
TRIB2_1__MAPK13_3	221	196	368	456
TRIB2_1__MAPK13_4	104	114	188	222
TRIB2_1__TRIB2_1	107	110	216	250
TRIB2_1__TRIB2_2	86	91	152	181
TRIB2_1__TRIB2_3	190	212	409	486
TRIB2_1__TRIB2_4	140	133	262	284
TRIB2_1__ULK1_1	67	64	89	109
TRIB2_1__ULK1_2	129	98	155	214
TRIB2_1__ULK1_3	81	89	120	133
TRIB2_1__ULK1_4	191	161	322	364
TRIB2_1__WNT5A_1	212	168	282	389
TRIB2_1__WNT5A_2	194	195	319	380
TRIB2_1__WNT5A_3	115	129	201	235
TRIB2_1__WNT5A_4	161	163	283	372
TRIB2_2__0Safe_safe_ACOC_204550.4522	23	19	53	54
TRIB2_2__0Safe_safe_ACOC_204550.4525	59	66	106	157
TRIB2_2__0Safe_safe_ACOC_204550.4590	101	95	154	198
TRIB2_2__0Safe_safe_GE_204550.1561	43	33	69	85
TRIB2_2__0Safe_safe_GE_204550.1743	31	36	43	56
TRIB2_2__0Safe_safe_GE_204550.1816	23	18	40	40
TRIB2_2__0Safe_safe_MP_204550.1197	39	27	55	66
TRIB2_2__0Safe_safe_MP_204550.1296	18	14	31	44
TRIB2_2__0Safe_safe_MP_204550.1323	101	85	168	228
TRIB2_2__0Safe_safe_U3_204550.6027	20	19	28	26
TRIB2_2__CDK2_1	71	86	96	117
TRIB2_2__CDK2_2	61	68	69	98
TRIB2_2__CDK2_3	66	53	79	108
TRIB2_2__CDK2_4	112	105	174	225
TRIB2_2__CTNNB1_1	40	34	74	89
TRIB2_2__CTNNB1_2	25	34	61	72
TRIB2_2__CTNNB1_3	46	39	69	90
TRIB2_2__CTNNB1_4	67	80	116	181
TRIB2_2__ETF1_1	39	37	17	35
TRIB2_2__ETF1_2	55	62	53	63
TRIB2_2__ETF1_3	17	16	38	39
TRIB2_2__ETF1_4	44	60	107	139
TRIB2_2__EZH2_1	46	42	65	72
TRIB2_2__EZH2_2	74	63	86	128
TRIB2_2__EZH2_3	80	68	124	144
TRIB2_2__EZH2_4	52	45	78	102
TRIB2_2__HSP90B1_1	76	58	120	131
TRIB2_2__HSP90B1_2	87	72	81	126
TRIB2_2__HSP90B1_3	41	32	66	85
TRIB2_2__HSP90B1_4	21	26	53	48
TRIB2_2__IGF1R_1	70	64	82	116
TRIB2_2__IGF1R_2	64	68	134	142
TRIB2_2__IGF1R_3	172	190	243	284
TRIB2_2__IGF1R_4	27	29	32	41
TRIB2_2__MAPK13_1	170	206	321	382
TRIB2_2__MAPK13_2	60	79	88	134
TRIB2_2__MAPK13_3	88	74	150	216
TRIB2_2__MAPK13_4	56	54	106	110
TRIB2_2__TRIB2_1	50	69	80	128
TRIB2_2__TRIB2_2	46	38	62	93
TRIB2_2__TRIB2_3	86	79	180	256
TRIB2_2__TRIB2_4	64	53	93	121
TRIB2_2__ULK1_1	29	27	42	39
TRIB2_2__ULK1_2	46	58	70	107
TRIB2_2__ULK1_3	44	45	58	75
TRIB2_2__ULK1_4	65	71	113	130
TRIB2_2__WNT5A_1	84	84	126	137
TRIB2_2__WNT5A_2	85	78	149	201
TRIB2_2__WNT5A_3	52	55	91	127
TRIB2_2__WNT5A_4	78	70	131	158
TRIB2_3__0Safe_safe_ACOC_204550.4522	33	29	47	69
TRIB2_3__0Safe_safe_ACOC_204550.4525	84	88	141	176
TRIB2_3__0Safe_safe_ACOC_204550.4590	107	96	147	205
TRIB2_3__0Safe_safe_GE_204550.1561	55	55	97	105
TRIB2_3__0Safe_safe_GE_204550.1743	38	29	67	91
TRIB2_3__0Safe_safe_GE_204550.1816	22	27	55	45
TRIB2_3__0Safe_safe_MP_204550.1197	35	34	78	95
TRIB2_3__0Safe_safe_MP_204550.1296	26	17	40	38
TRIB2_3__0Safe_safe_MP_204550.1323	98	104	162	196
TRIB2_3__0Safe_safe_U3_204550.6027	16	18	28	34
TRIB2_3__CDK2_1	97	89	97	120
TRIB2_3__CDK2_2	71	65	98	120
TRIB2_3__CDK2_3	71	54	96	131
TRIB2_3__CDK2_4	143	132	173	240
TRIB2_3__CTNNB1_1	57	46	72	85
TRIB2_3__CTNNB1_2	52	43	83	91
TRIB2_3__CTNNB1_3	56	52	77	140
TRIB2_3__CTNNB1_4	77	79	123	168
TRIB2_3__ETF1_1	55	48	35	54
TRIB2_3__ETF1_2	70	75	60	64
TRIB2_3__ETF1_3	23	20	39	38
TRIB2_3__ETF1_4	70	49	95	153
TRIB2_3__EZH2_1	57	47	74	108
TRIB2_3__EZH2_2	73	82	142	176
TRIB2_3__EZH2_3	99	86	144	150
TRIB2_3__EZH2_4	56	62	101	138
TRIB2_3__HSP90B1_1	88	88	128	155
TRIB2_3__HSP90B1_2	103	86	134	137
TRIB2_3__HSP90B1_3	45	38	72	86
TRIB2_3__HSP90B1_4	36	26	50	65
TRIB2_3__IGF1R_1	74	68	83	116
TRIB2_3__IGF1R_2	89	72	132	167
TRIB2_3__IGF1R_3	215	205	226	301
TRIB2_3__IGF1R_4	40	28	30	56
TRIB2_3__MAPK13_1	253	240	356	420
TRIB2_3__MAPK13_2	84	58	91	120
TRIB2_3__MAPK13_3	127	118	217	240
TRIB2_3__MAPK13_4	66	70	100	108
TRIB2_3__TRIB2_1	68	67	116	127
TRIB2_3__TRIB2_2	46	50	65	109
TRIB2_3__TRIB2_3	108	124	214	244
TRIB2_3__TRIB2_4	77	90	127	157
TRIB2_3__ULK1_1	34	40	76	75
TRIB2_3__ULK1_2	70	71	92	98
TRIB2_3__ULK1_3	49	44	67	74
TRIB2_3__ULK1_4	87	116	143	222
TRIB2_3__WNT5A_1	110	87	134	172
TRIB2_3__WNT5A_2	128	106	177	248
TRIB2_3__WNT5A_3	50	65	109	151
TRIB2_3__WNT5A_4	85	79	139	169
TRIB2_4__0Safe_safe_ACOC_204550.4522	32	37	37	68
TRIB2_4__0Safe_safe_ACOC_204550.4525	84	77	112	124
TRIB2_4__0Safe_safe_ACOC_204550.4590	98	106	146	203
TRIB2_4__0Safe_safe_GE_204550.1561	53	52	70	77
TRIB2_4__0Safe_safe_GE_204550.1743	53	40	69	68
TRIB2_4__0Safe_safe_GE_204550.1816	27	18	38	36
TRIB2_4__0Safe_safe_MP_204550.1197	40	30	51	53
TRIB2_4__0Safe_safe_MP_204550.1296	23	26	37	35
TRIB2_4__0Safe_safe_MP_204550.1323	76	80	115	156
TRIB2_4__0Safe_safe_U3_204550.6027	14	10	20	30
TRIB2_4__CDK2_1	93	107	80	105
TRIB2_4__CDK2_2	71	71	76	106
TRIB2_4__CDK2_3	70	63	93	104
TRIB2_4__CDK2_4	130	124	144	175
TRIB2_4__CTNNB1_1	52	46	66	88
TRIB2_4__CTNNB1_2	54	40	70	89
TRIB2_4__CTNNB1_3	50	30	68	90
TRIB2_4__CTNNB1_4	95	77	117	114
TRIB2_4__ETF1_1	61	55	28	32
TRIB2_4__ETF1_2	87	74	31	67
TRIB2_4__ETF1_3	26	18	26	41
TRIB2_4__ETF1_4	61	47	66	92
TRIB2_4__EZH2_1	61	47	85	103
TRIB2_4__EZH2_2	59	77	115	143
TRIB2_4__EZH2_3	79	107	113	134
TRIB2_4__EZH2_4	58	45	60	102
TRIB2_4__HSP90B1_1	79	85	121	112
TRIB2_4__HSP90B1_2	86	86	88	130
TRIB2_4__HSP90B1_3	51	49	69	80
TRIB2_4__HSP90B1_4	26	22	52	61
TRIB2_4__IGF1R_1	62	79	88	98
TRIB2_4__IGF1R_2	63	67	97	126
TRIB2_4__IGF1R_3	232	179	227	294
TRIB2_4__IGF1R_4	32	22	32	36
TRIB2_4__MAPK13_1	216	225	299	389
TRIB2_4__MAPK13_2	77	62	89	107
TRIB2_4__MAPK13_3	117	110	163	211
TRIB2_4__MAPK13_4	56	55	74	71
TRIB2_4__TRIB2_1	84	69	117	135
TRIB2_4__TRIB2_2	48	46	74	73
TRIB2_4__TRIB2_3	125	136	187	253
TRIB2_4__TRIB2_4	75	81	115	146
TRIB2_4__ULK1_1	43	45	53	65
TRIB2_4__ULK1_2	46	54	70	90
TRIB2_4__ULK1_3	51	46	43	59
TRIB2_4__ULK1_4	95	86	142	162
TRIB2_4__WNT5A_1	102	110	116	180
TRIB2_4__WNT5A_2	122	107	151	150
TRIB2_4__WNT5A_3	70	86	105	141
TRIB2_4__WNT5A_4	80	83	114	154
ULK1_1__0Safe_safe_ACOC_204550.4522	42	40	48	65
ULK1_1__0Safe_safe_ACOC_204550.4525	99	97	117	178
ULK1_1__0Safe_safe_ACOC_204550.4590	146	141	175	221
ULK1_1__0Safe_safe_GE_204550.1561	63	52	87	96
ULK1_1__0Safe_safe_GE_204550.1743	51	54	67	86
ULK1_1__0Safe_safe_GE_204550.1816	30	31	59	50
ULK1_1__0Safe_safe_MP_204550.1197	46	39	71	66
ULK1_1__0Safe_safe_MP_204550.1296	31	29	47	51
ULK1_1__0Safe_safe_MP_204550.1323	121	123	208	276
ULK1_1__0Safe_safe_U3_204550.6027	24	33	42	52
ULK1_1__CDK2_1	111	124	102	146
ULK1_1__CDK2_2	80	108	122	111
ULK1_1__CDK2_3	98	88	124	132
ULK1_1__CDK2_4	167	194	229	252
ULK1_1__CTNNB1_1	50	66	97	110
ULK1_1__CTNNB1_2	49	54	80	110
ULK1_1__CTNNB1_3	67	73	105	128
ULK1_1__CTNNB1_4	104	100	137	205
ULK1_1__ETF1_1	82	68	36	49
ULK1_1__ETF1_2	94	116	89	85
ULK1_1__ETF1_3	27	43	51	56
ULK1_1__ETF1_4	58	76	121	136
ULK1_1__EZH2_1	73	58	96	97
ULK1_1__EZH2_2	104	119	159	160
ULK1_1__EZH2_3	114	109	145	173
ULK1_1__EZH2_4	77	68	108	163
ULK1_1__HSP90B1_1	124	135	153	193
ULK1_1__HSP90B1_2	139	126	141	180
ULK1_1__HSP90B1_3	60	62	83	102
ULK1_1__HSP90B1_4	29	38	53	78
ULK1_1__IGF1R_1	71	78	91	127
ULK1_1__IGF1R_2	114	110	156	168
ULK1_1__IGF1R_3	270	264	281	328
ULK1_1__IGF1R_4	51	33	33	33
ULK1_1__MAPK13_1	299	301	392	545
ULK1_1__MAPK13_2	97	97	113	155
ULK1_1__MAPK13_3	142	148	195	254
ULK1_1__MAPK13_4	73	64	87	131
ULK1_1__TRIB2_1	80	78	145	199
ULK1_1__TRIB2_2	70	66	81	98
ULK1_1__TRIB2_3	156	174	230	285
ULK1_1__TRIB2_4	93	99	149	194
ULK1_1__ULK1_1	45	41	59	70
ULK1_1__ULK1_2	83	70	109	128
ULK1_1__ULK1_3	63	53	78	99
ULK1_1__ULK1_4	111	140	169	220
ULK1_1__WNT5A_1	111	131	172	212
ULK1_1__WNT5A_2	146	135	213	284
ULK1_1__WNT5A_3	96	85	137	154
ULK1_1__WNT5A_4	91	92	155	190
ULK1_2__0Safe_safe_ACOC_204550.4522	54	35	59	81
ULK1_2__0Safe_safe_ACOC_204550.4525	102	101	132	172
ULK1_2__0Safe_safe_ACOC_204550.4590	137	133	212	218
ULK1_2__0Safe_safe_GE_204550.1561	68	75	104	125
ULK1_2__0Safe_safe_GE_204550.1743	40	55	62	109
ULK1_2__0Safe_safe_GE_204550.1816	22	30	43	48
ULK1_2__0Safe_safe_MP_204550.1197	43	45	46	65
ULK1_2__0Safe_safe_MP_204550.1296	32	31	60	38
ULK1_2__0Safe_safe_MP_204550.1323	109	116	176	236
ULK1_2__0Safe_safe_U3_204550.6027	23	26	31	51
ULK1_2__CDK2_1	129	123	104	117
ULK1_2__CDK2_2	78	118	108	132
ULK1_2__CDK2_3	99	92	123	143
ULK1_2__CDK2_4	203	179	219	295
ULK1_2__CTNNB1_1	51	59	110	113
ULK1_2__CTNNB1_2	71	60	87	97
ULK1_2__CTNNB1_3	69	57	114	139
ULK1_2__CTNNB1_4	90	118	164	218
ULK1_2__ETF1_1	79	79	40	53
ULK1_2__ETF1_2	110	109	83	103
ULK1_2__ETF1_3	46	38	56	89
ULK1_2__ETF1_4	81	68	118	128
ULK1_2__EZH2_1	58	63	101	115
ULK1_2__EZH2_2	115	105	186	204
ULK1_2__EZH2_3	122	114	176	199
ULK1_2__EZH2_4	84	78	127	154
ULK1_2__HSP90B1_1	116	120	165	179
ULK1_2__HSP90B1_2	130	117	128	181
ULK1_2__HSP90B1_3	40	61	91	110
ULK1_2__HSP90B1_4	34	34	45	50
ULK1_2__IGF1R_1	79	101	104	124
ULK1_2__IGF1R_2	98	92	154	176
ULK1_2__IGF1R_3	278	310	315	379
ULK1_2__IGF1R_4	45	50	44	46
ULK1_2__MAPK13_1	307	315	442	507
ULK1_2__MAPK13_2	93	78	134	140
ULK1_2__MAPK13_3	157	130	228	288
ULK1_2__MAPK13_4	68	70	118	165
ULK1_2__TRIB2_1	99	76	150	173
ULK1_2__TRIB2_2	63	83	98	104
ULK1_2__TRIB2_3	127	155	225	284
ULK1_2__TRIB2_4	100	81	135	162
ULK1_2__ULK1_1	39	62	87	74
ULK1_2__ULK1_2	97	100	128	144
ULK1_2__ULK1_3	64	61	59	83
ULK1_2__ULK1_4	132	107	190	203
ULK1_2__WNT5A_1	145	146	192	257
ULK1_2__WNT5A_2	153	135	200	297
ULK1_2__WNT5A_3	78	81	129	123
ULK1_2__WNT5A_4	96	110	141	192
ULK1_3__0Safe_safe_ACOC_204550.4522	19	29	33	44
ULK1_3__0Safe_safe_ACOC_204550.4525	72	75	80	96
ULK1_3__0Safe_safe_ACOC_204550.4590	110	94	138	200
ULK1_3__0Safe_safe_GE_204550.1561	42	42	60	74
ULK1_3__0Safe_safe_GE_204550.1743	51	40	60	65
ULK1_3__0Safe_safe_GE_204550.1816	16	23	26	53
ULK1_3__0Safe_safe_MP_204550.1197	36	27	44	54
ULK1_3__0Safe_safe_MP_204550.1296	24	25	38	52
ULK1_3__0Safe_safe_MP_204550.1323	91	89	104	149
ULK1_3__0Safe_safe_U3_204550.6027	18	14	22	22
ULK1_3__CDK2_1	99	93	86	94
ULK1_3__CDK2_2	73	57	82	103
ULK1_3__CDK2_3	66	60	88	87
ULK1_3__CDK2_4	142	136	155	193
ULK1_3__CTNNB1_1	26	40	64	78
ULK1_3__CTNNB1_2	40	41	54	66
ULK1_3__CTNNB1_3	54	43	81	102
ULK1_3__CTNNB1_4	62	65	90	134
ULK1_3__ETF1_1	50	54	20	38
ULK1_3__ETF1_2	87	72	40	46
ULK1_3__ETF1_3	23	32	27	35
ULK1_3__ETF1_4	60	61	82	118
ULK1_3__EZH2_1	53	60	65	73
ULK1_3__EZH2_2	61	95	96	119
ULK1_3__EZH2_3	97	103	140	131
ULK1_3__EZH2_4	66	52	79	79
ULK1_3__HSP90B1_1	105	103	110	109
ULK1_3__HSP90B1_2	94	100	89	133
ULK1_3__HSP90B1_3	40	53	54	70
ULK1_3__HSP90B1_4	22	31	56	43
ULK1_3__IGF1R_1	69	48	55	82
ULK1_3__IGF1R_2	71	60	103	120
ULK1_3__IGF1R_3	189	225	192	243
ULK1_3__IGF1R_4	32	34	35	26
ULK1_3__MAPK13_1	226	231	279	347
ULK1_3__MAPK13_2	61	75	74	115
ULK1_3__MAPK13_3	116	90	151	195
ULK1_3__MAPK13_4	52	60	67	81
ULK1_3__TRIB2_1	64	58	92	108
ULK1_3__TRIB2_2	43	52	71	76
ULK1_3__TRIB2_3	139	115	180	238
ULK1_3__TRIB2_4	64	68	83	110
ULK1_3__ULK1_1	41	44	36	57
ULK1_3__ULK1_2	38	64	65	85
ULK1_3__ULK1_3	45	53	57	75
ULK1_3__ULK1_4	77	96	120	136
ULK1_3__WNT5A_1	95	103	130	156
ULK1_3__WNT5A_2	99	78	145	176
ULK1_3__WNT5A_3	56	62	65	93
ULK1_3__WNT5A_4	76	87	102	143
ULK1_4__0Safe_safe_ACOC_204550.4522	27	20	29	28
ULK1_4__0Safe_safe_ACOC_204550.4525	54	80	80	95
ULK1_4__0Safe_safe_ACOC_204550.4590	77	94	125	122
ULK1_4__0Safe_safe_GE_204550.1561	34	33	48	55
ULK1_4__0Safe_safe_GE_204550.1743	25	36	58	75
ULK1_4__0Safe_safe_GE_204550.1816	17	28	20	24
ULK1_4__0Safe_safe_MP_204550.1197	24	15	42	46
ULK1_4__0Safe_safe_MP_204550.1296	15	20	24	41
ULK1_4__0Safe_safe_MP_204550.1323	78	61	124	121
ULK1_4__0Safe_safe_U3_204550.6027	4	12	19	13
ULK1_4__CDK2_1	63	72	57	65
ULK1_4__CDK2_2	49	51	61	81
ULK1_4__CDK2_3	60	60	78	99
ULK1_4__CDK2_4	98	105	129	136
ULK1_4__CTNNB1_1	39	31	63	77
ULK1_4__CTNNB1_2	29	41	51	54
ULK1_4__CTNNB1_3	35	29	64	60
ULK1_4__CTNNB1_4	59	48	98	133
ULK1_4__ETF1_1	42	40	16	28
ULK1_4__ETF1_2	51	68	37	46
ULK1_4__ETF1_3	23	13	21	30
ULK1_4__ETF1_4	45	49	78	75
ULK1_4__EZH2_1	47	45	46	68
ULK1_4__EZH2_2	56	53	67	95
ULK1_4__EZH2_3	59	79	99	132
ULK1_4__EZH2_4	44	32	48	80
ULK1_4__HSP90B1_1	62	60	74	112
ULK1_4__HSP90B1_2	80	81	84	112
ULK1_4__HSP90B1_3	24	27	52	51
ULK1_4__HSP90B1_4	14	16	22	29
ULK1_4__IGF1R_1	44	58	48	83
ULK1_4__IGF1R_2	42	53	68	88
ULK1_4__IGF1R_3	150	166	186	213
ULK1_4__IGF1R_4	21	15	31	25
ULK1_4__MAPK13_1	186	173	256	316
ULK1_4__MAPK13_2	69	63	74	70
ULK1_4__MAPK13_3	71	83	131	144
ULK1_4__MAPK13_4	47	56	61	85
ULK1_4__TRIB2_1	39	59	77	78
ULK1_4__TRIB2_2	27	43	57	70
ULK1_4__TRIB2_3	70	99	147	159
ULK1_4__TRIB2_4	48	42	93	79
ULK1_4__ULK1_1	26	29	27	33
ULK1_4__ULK1_2	45	41	43	32
ULK1_4__ULK1_3	42	38	41	67
ULK1_4__ULK1_4	83	75	114	125
ULK1_4__WNT5A_1	94	79	104	148
ULK1_4__WNT5A_2	75	69	117	109
ULK1_4__WNT5A_3	51	39	62	81
ULK1_4__WNT5A_4	64	66	94	111
WNT5A_1__0Safe_safe_ACOC_204550.4522	77	73	102	138
WNT5A_1__0Safe_safe_ACOC_204550.4525	160	176	227	280
WNT5A_1__0Safe_safe_ACOC_204550.4590	245	226	299	390
WNT5A_1__0Safe_safe_GE_204550.1561	112	105	150	180
WNT5A_1__0Safe_safe_GE_204550.1743	91	80	106	126
WNT5A_1__0Safe_safe_GE_204550.1816	51	48	91	71
WNT5A_1__0Safe_safe_MP_204550.1197	94	65	94	91
WNT5A_1__0Safe_safe_MP_204550.1296	42	38	89	56
WNT5A_1__0Safe_safe_MP_204550.1323	187	192	262	372
WNT5A_1__0Safe_safe_U3_204550.6027	44	44	51	68
WNT5A_1__CDK2_1	211	204	195	184
WNT5A_1__CDK2_2	146	140	163	177
WNT5A_1__CDK2_3	150	140	159	215
WNT5A_1__CDK2_4	300	314	357	404
WNT5A_1__CTNNB1_1	109	89	164	157
WNT5A_1__CTNNB1_2	85	85	131	152
WNT5A_1__CTNNB1_3	123	96	166	168
WNT5A_1__CTNNB1_4	154	173	261	317
WNT5A_1__ETF1_1	126	159	63	87
WNT5A_1__ETF1_2	169	167	101	125
WNT5A_1__ETF1_3	55	52	67	84
WNT5A_1__ETF1_4	109	110	192	227
WNT5A_1__EZH2_1	100	122	156	187
WNT5A_1__EZH2_2	152	167	205	267
WNT5A_1__EZH2_3	160	225	284	279
WNT5A_1__EZH2_4	118	131	185	241
WNT5A_1__HSP90B1_1	196	175	218	289
WNT5A_1__HSP90B1_2	217	192	208	251
WNT5A_1__HSP90B1_3	114	117	152	175
WNT5A_1__HSP90B1_4	57	59	88	88
WNT5A_1__IGF1R_1	160	139	169	172
WNT5A_1__IGF1R_2	163	132	229	294
WNT5A_1__IGF1R_3	455	460	443	567
WNT5A_1__IGF1R_4	56	77	72	87
WNT5A_1__MAPK13_1	497	461	613	779
WNT5A_1__MAPK13_2	138	142	163	215
WNT5A_1__MAPK13_3	272	233	333	442
WNT5A_1__MAPK13_4	138	126	160	177
WNT5A_1__TRIB2_1	134	130	225	258
WNT5A_1__TRIB2_2	106	131	182	200
WNT5A_1__TRIB2_3	217	267	346	441
WNT5A_1__TRIB2_4	148	168	221	304
WNT5A_1__ULK1_1	80	94	99	127
WNT5A_1__ULK1_2	133	132	184	204
WNT5A_1__ULK1_3	107	140	132	163
WNT5A_1__ULK1_4	185	204	257	304
WNT5A_1__WNT5A_1	241	226	277	373
WNT5A_1__WNT5A_2	223	220	305	379
WNT5A_1__WNT5A_3	128	157	194	241
WNT5A_1__WNT5A_4	162	162	238	286
WNT5A_2__0Safe_safe_ACOC_204550.4522	35	54	83	78
WNT5A_2__0Safe_safe_ACOC_204550.4525	153	108	200	244
WNT5A_2__0Safe_safe_ACOC_204550.4590	183	180	305	360
WNT5A_2__0Safe_safe_GE_204550.1561	89	82	129	149
WNT5A_2__0Safe_safe_GE_204550.1743	72	75	128	151
WNT5A_2__0Safe_safe_GE_204550.1816	41	36	73	74
WNT5A_2__0Safe_safe_MP_204550.1197	71	47	111	93
WNT5A_2__0Safe_safe_MP_204550.1296	42	33	65	65
WNT5A_2__0Safe_safe_MP_204550.1323	127	140	259	317
WNT5A_2__0Safe_safe_U3_204550.6027	33	27	49	62
WNT5A_2__CDK2_1	197	162	176	231
WNT5A_2__CDK2_2	120	110	156	155
WNT5A_2__CDK2_3	101	128	134	191
WNT5A_2__CDK2_4	240	191	334	355
WNT5A_2__CTNNB1_1	84	74	160	174
WNT5A_2__CTNNB1_2	70	56	150	159
WNT5A_2__CTNNB1_3	84	77	134	148
WNT5A_2__CTNNB1_4	149	130	192	265
WNT5A_2__ETF1_1	71	99	39	71
WNT5A_2__ETF1_2	136	121	93	136
WNT5A_2__ETF1_3	41	36	77	96
WNT5A_2__ETF1_4	102	85	157	223
WNT5A_2__EZH2_1	81	92	141	128
WNT5A_2__EZH2_2	118	133	217	236
WNT5A_2__EZH2_3	163	149	278	339
WNT5A_2__EZH2_4	85	82	153	214
WNT5A_2__HSP90B1_1	148	128	221	268
WNT5A_2__HSP90B1_2	167	141	206	217
WNT5A_2__HSP90B1_3	91	73	121	146
WNT5A_2__HSP90B1_4	43	39	67	100
WNT5A_2__IGF1R_1	118	125	166	172
WNT5A_2__IGF1R_2	139	116	204	221
WNT5A_2__IGF1R_3	352	334	421	450
WNT5A_2__IGF1R_4	52	52	50	73
WNT5A_2__MAPK13_1	385	355	575	645
WNT5A_2__MAPK13_2	107	137	199	213
WNT5A_2__MAPK13_3	211	212	319	372
WNT5A_2__MAPK13_4	102	119	134	172
WNT5A_2__TRIB2_1	106	101	152	201
WNT5A_2__TRIB2_2	83	88	144	153
WNT5A_2__TRIB2_3	179	168	320	435
WNT5A_2__TRIB2_4	114	136	231	265
WNT5A_2__ULK1_1	63	60	81	104
WNT5A_2__ULK1_2	100	103	142	161
WNT5A_2__ULK1_3	66	68	100	126
WNT5A_2__ULK1_4	174	145	240	308
WNT5A_2__WNT5A_1	179	177	249	315
WNT5A_2__WNT5A_2	165	156	296	365
WNT5A_2__WNT5A_3	118	139	198	248
WNT5A_2__WNT5A_4	129	118	268	317
WNT5A_3__0Safe_safe_ACOC_204550.4522	49	50	88	89
WNT5A_3__0Safe_safe_ACOC_204550.4525	153	149	197	232
WNT5A_3__0Safe_safe_ACOC_204550.4590	189	196	272	346
WNT5A_3__0Safe_safe_GE_204550.1561	101	100	134	161
WNT5A_3__0Safe_safe_GE_204550.1743	70	64	116	130
WNT5A_3__0Safe_safe_GE_204550.1816	53	54	84	100
WNT5A_3__0Safe_safe_MP_204550.1197	53	57	92	104
WNT5A_3__0Safe_safe_MP_204550.1296	33	33	46	70
WNT5A_3__0Safe_safe_MP_204550.1323	179	143	250	337
WNT5A_3__0Safe_safe_U3_204550.6027	51	47	59	54
WNT5A_3__CDK2_1	189	184	159	208
WNT5A_3__CDK2_2	122	111	146	153
WNT5A_3__CDK2_3	119	146	166	202
WNT5A_3__CDK2_4	249	249	320	360
WNT5A_3__CTNNB1_1	103	73	130	171
WNT5A_3__CTNNB1_2	63	89	117	170
WNT5A_3__CTNNB1_3	110	85	164	217
WNT5A_3__CTNNB1_4	145	128	221	269
WNT5A_3__ETF1_1	96	96	52	81
WNT5A_3__ETF1_2	149	150	118	126
WNT5A_3__ETF1_3	40	41	67	77
WNT5A_3__ETF1_4	103	101	160	196
WNT5A_3__EZH2_1	91	101	154	184
WNT5A_3__EZH2_2	140	139	238	231
WNT5A_3__EZH2_3	143	182	265	282
WNT5A_3__EZH2_4	97	98	161	196
WNT5A_3__HSP90B1_1	165	180	223	275
WNT5A_3__HSP90B1_2	148	171	188	230
WNT5A_3__HSP90B1_3	86	91	131	151
WNT5A_3__HSP90B1_4	53	49	86	94
WNT5A_3__IGF1R_1	123	151	133	149
WNT5A_3__IGF1R_2	116	132	223	258
WNT5A_3__IGF1R_3	399	392	459	566
WNT5A_3__IGF1R_4	62	71	55	72
WNT5A_3__MAPK13_1	419	424	601	749
WNT5A_3__MAPK13_2	135	138	175	245
WNT5A_3__MAPK13_3	228	222	330	403
WNT5A_3__MAPK13_4	83	96	130	170
WNT5A_3__TRIB2_1	103	130	181	217
WNT5A_3__TRIB2_2	95	100	140	176
WNT5A_3__TRIB2_3	223	228	335	414
WNT5A_3__TRIB2_4	123	122	191	234
WNT5A_3__ULK1_1	75	80	111	120
WNT5A_3__ULK1_2	99	141	157	177
WNT5A_3__ULK1_3	82	80	103	129
WNT5A_3__ULK1_4	156	176	254	336
WNT5A_3__WNT5A_1	180	198	247	325
WNT5A_3__WNT5A_2	170	177	286	371
WNT5A_3__WNT5A_3	138	105	205	241
WNT5A_3__WNT5A_4	137	155	262	321
WNT5A_4__0Safe_safe_ACOC_204550.4522	83	69	133	160
WNT5A_4__0Safe_safe_ACOC_204550.4525	201	217	334	369
WNT5A_4__0Safe_safe_ACOC_204550.4590	310	336	548	648
WNT5A_4__0Safe_safe_GE_204550.1561	152	157	204	264
WNT5A_4__0Safe_safe_GE_204550.1743	138	130	191	236
WNT5A_4__0Safe_safe_GE_204550.1816	62	58	129	135
WNT5A_4__0Safe_safe_MP_204550.1197	87	78	197	234
WNT5A_4__0Safe_safe_MP_204550.1296	69	71	112	136
WNT5A_4__0Safe_safe_MP_204550.1323	258	275	480	480
WNT5A_4__0Safe_safe_U3_204550.6027	53	40	99	94
WNT5A_4__CDK2_1	289	268	279	312
WNT5A_4__CDK2_2	195	182	265	290
WNT5A_4__CDK2_3	207	194	276	359
WNT5A_4__CDK2_4	445	431	555	684
WNT5A_4__CTNNB1_1	136	136	244	280
WNT5A_4__CTNNB1_2	122	135	210	278
WNT5A_4__CTNNB1_3	101	154	219	317
WNT5A_4__CTNNB1_4	226	218	354	443
WNT5A_4__ETF1_1	166	157	101	108
WNT5A_4__ETF1_2	245	234	185	248
WNT5A_4__ETF1_3	61	59	105	135
WNT5A_4__ETF1_4	148	166	267	313
WNT5A_4__EZH2_1	134	141	243	265
WNT5A_4__EZH2_2	224	225	352	427
WNT5A_4__EZH2_3	275	275	448	527
WNT5A_4__EZH2_4	146	153	260	377
WNT5A_4__HSP90B1_1	263	259	346	412
WNT5A_4__HSP90B1_2	279	311	349	402
WNT5A_4__HSP90B1_3	114	127	194	226
WNT5A_4__HSP90B1_4	69	65	98	134
WNT5A_4__IGF1R_1	208	179	238	244
WNT5A_4__IGF1R_2	177	214	311	387
WNT5A_4__IGF1R_3	596	604	690	861
WNT5A_4__IGF1R_4	86	111	95	119
WNT5A_4__MAPK13_1	638	664	1039	1221
WNT5A_4__MAPK13_2	204	212	287	386
WNT5A_4__MAPK13_3	352	349	543	680
WNT5A_4__MAPK13_4	163	154	237	278
WNT5A_4__TRIB2_1	172	200	301	346
WNT5A_4__TRIB2_2	131	155	246	299
WNT5A_4__TRIB2_3	317	302	562	688
WNT5A_4__TRIB2_4	180	197	346	422
WNT5A_4__ULK1_1	101	92	147	180
WNT5A_4__ULK1_2	173	176	222	335
WNT5A_4__ULK1_3	138	154	193	238
WNT5A_4__ULK1_4	291	314	483	553
WNT5A_4__WNT5A_1	338	281	454	563
WNT5A_4__WNT5A_2	287	307	447	596
WNT5A_4__WNT5A_3	200	197	332	415
WNT5A_4__WNT5A_4	197	203	327	491
